exp= "RSSI online TWIST small 01 WiFi traffic";
x = [23.9,26.68,22.08,16.12,2.17,8.48,30.28,26.53,11.57,20.71,17.56,14.48,17.59,20.54,9.81,11.57,3.51,5.16,2.02,5.39];
y = [1.67,9.03,9.02,9.02,4.98,1.93,1.67,5.39,5.06,1.65,5.06,10.95,10.95,10.94,9.02,1.89,9.02,10.94,10.98,5.06];
z = [71.92,74.79,69.62,71.89,71.95,71.49,68.92,70.59,70.58,71.38,71.72,70.85,71.57,69.37,68.31,71.47,71.2,71.5,72.25,71.93];
variance = [112,2,89,2,231,2,141,2,103,2,141,2,194,2,140,2,209,2,98,2,150,2,135,2,128,2,190,2,125,2,234,2,70,2,118,2,99,2,129,2];
rssi1 = [-84,-84,-84,-84,-84,-75,-75,-74,-75,-75,-75,-75,-75,-75,-74,-74,-74,-74,-74,-74,-76,-74,-75,-76,-75,-75,-74,-75,-75,-74,-75,-75,-75,-77,-75,-75,-77,-75,-76,-75,-75,-74,-75,-74,-76,-75,-75,-60,-59,-59,-60,-59,-59,-60,-59,-59,-60,-59,-59,-59,-59,-60,-60,-59,-60,-59,-59,-45,-47,-46,-45,-45,-47,-45,-45,-45,-48,-45,-45,-44,-46,-45,-46,-46,-46,-45,-45,-81,-81,-81,-81,-80,-81,-81,-80,-81,-81,-80,-81,-82,-81,-82,-82,-81,-81,-82,-81,-56,-56,-56,-55,-56,-57,-56,-52,-55,-56,-56,-56,-56,-56,-37,-56,-56,-55,-55,-56,-78,-79,-78,-78,-78,-77,-78,-78,-78,-78,-77,-78,-78,-78,-78,-79,-77,-78,-79,-78,-78,-78,-78,-77,-78,-75,-77,-78,-79,-78,-78,-78,-78,-77,-78,-79,-78,-78,-80,-78,-75,-75,-75,-70,-75,-70,-75,-75,-71,-75,-75,-74,-74,-75,-74,-75,-76,-75,-75,-72,-80,-82,-80,-80,-82,-68,-80,-82,-68,-80,-82,-68,-80,-82,-80,-80,-81,-80,-80,-74,-75,-74,-71,-75,-70,-75,-75,-71,-75,-75,-75,-75,-75,-75,-75,-75,-75,-76,-72,-68,-69,-69,-68,-69,-69,-69,-69,-74,-69,-71,-72,-69,-69,-72,-67,-69,-71,-69,-68,-81,-80,-80,-81,-80,-80,-81,-80,-80,-81,-81,-81,-82,-81,-63,-82,-81,-80,-82,-70,-75,-75,-71,-75,-75,-74,-75,-75,-74,-75,-75,-74,-75,-72,-74,-75,-74,-70,-75,-88,-88,-85,-88,-88,-85,-88,-88,-85,-88,-88,-84,-88,-88,-85,-88,-88,-62,-64,-64,-64,-64,-64,-64,-64,-64,-64,-64,-64,-63,-64,-62,-64,-63,-60,-61,-60,-60,-60,-60,-60,-59,-60,-60,-60,-60,-60,-61,-60,-60,-61,-59,-60,-60,-59,-60,-60,-59,-60,-60,-60,-60,-60,-60,-60,-61,-60,-60,-61,-60,-60,-59,-64,-63,-63,-64,-63,-63,-64,-63,-63,-64,-63,-63,-63,-63,-62,-63,-63,-63,-63,-63,-63,-62,-64,-62,-62,-64,-65,-62,-64,-65,-64,-65,-64,-65,-63,-64,-64,-59,-60,-59,-59,-59,-59,-59,-60,-59,-64,-60,-60,-64,-60,-72,-69,-71,-71,-68,-72,-67,-68,-71,-67,-68,-71,-71,-90,-63,-70,-90,-72,-53,-69,-81,-81,-81,-81,-86,-81,-81,-81,-85,-85,-51,-84,-85,-83,-82,-84,-85,-82,-85,-84,-84,-83,-83,-85,-84,-83,-85,-84,-86,-88,-87,-86,-88,-86,-88,-88,-86,-88,-88,-87,-88,-88,-87,-86,-88,-87,-82,-80,-81,-82,-80,-81,-82,-80,-81,-80,-82,-80,-82,-81,-80,-82,-81,-81,-82,-82,-81,-80,-82,-81,-80,-82,-82,-80,-82,-82,-80,-82,-82,-82,-82,-77,-76,-77,-78,-77,-78,-78,-78,-78,-78,-77,-78,-77,-78,-78,-78,-77,-79,-78,-78];
rssi2 = [-84,-85,-84,-84,-84,-85,-84,-83,-85,-84,-84,-85,-84,-84,-83,-84,-83,-83,-84,-83,-55,-61,-61,-61,-61,-61,-55,-61,-55,-61,-62,-55,-61,-61,-55,-62,-54,-55,-62,-61,-89,-89,-61,-61,-61,-61,-55,-62,-55,-61,-62,-55,-62,-62,-55,-61,-55,-55,-61,-61,-54,-61,-55,-61,-61,-55,-61,-54,-55,-61,-61,-54,-61,-61,-61,-61,-61,-55,-61,-55,-68,-61,-71,-71,-71,-71,-71,-71,-71,-71,-71,-71,-71,-71,-72,-71,-71,-71,-71,-71,-71,-72,-58,-57,-57,-59,-57,-75,-58,-57,-58,-58,-57,-58,-58,-58,-57,-58,-56,-57,-58,-58,-68,-66,-68,-66,-67,-68,-69,-69,-68,-69,-68,-69,-69,-68,-69,-69,-68,-72,-66,-68,-82,-82,-82,-82,-82,-82,-82,-82,-82,-82,-82,-77,-78,-77,-77,-78,-77,-78,-78,-76,-78,-78,-77,-80,-78,-78,-79,-78,-77,-77,-77,-72,-74,-73,-73,-72,-69,-72,-73,-72,-72,-73,-72,-72,-73,-72,-73,-74,-72,-73,-74,-88,-88,-88,-88,-88,-88,-88,-90,-88,-90,-88,-90,-87,-86,-87,-86,-86,-86,-86,-86,-58,-58,-59,-59,-60,-58,-60,-59,-59,-60,-58,-59,-60,-59,-59,-59,-59,-58,-59,-58,-73,-71,-72,-71,-73,-72,-72,-73,-72,-72,-73,-72,-73,-74,-73,-73,-72,-73,-76,-72,-78,-76,-79,-79,-76,-79,-78,-77,-78,-78,-77,-78,-77,-78,-78,-77,-77,-78,-77,-79,-81,-82,-81,-82,-81,-81,-82,-81,-81,-82,-81,-81,-82,-82,-81,-81,-82,-81,-81,-82,-78,-76,-75,-78,-78,-76,-78,-78,-76,-76,-78,-78,-76,-78,-78,-76,-78,-78,-76,-78,-76,-78,-76,-76,-78,-76,-76,-78,-75,-76,-76,-78,-76,-76,-79,-76,-76,-78,-79,-82,-81,-81,-82,-82,-81,-82,-81,-81,-82,-82,-81,-80,-82,-81,-81,-82,-81,-82,-81,-81,-81,-81,-81,-81,-81,-81,-81,-81,-81,-81,-81,-81,-81,-81,-82,-81,-81,-81,-81,-78,-79,-76,-75,-79,-76,-75,-78,-76,-75,-78,-78,-76,-77,-78,-76,-76,-79,-75,-76,-77,-77,-77,-78,-77,-78,-78,-77,-78,-79,-77,-77,-78,-78,-77,-77,-78,-76,-77,-77,-76,-77,-77,-76,-79,-77,-75,-75,-76,-78,-75,-75,-78,-75,-76,-77,-76,-76,-77,-76,-88,-87,-88,-88,-87,-87,-88,-87,-87,-88,-87,-87,-88,-88,-87,-88,-88,-87,-88,-85,-86,-85,-86,-85,-87,-85,-87,-85,-85,-85,-76,-75,-76,-76,-76,-76,-76,-76,-76,-76,-76,-75,-76,-76,-76,-76,-76,-86,-86,-88,-87,-87,-88,-87,-86,-88,-87,-87,-86,-88,-87,-86,-86,-88,-87,-87,-87];
rssi3 = [-86,-86,-87,-86,-86,-87,-85,-88,-86,-86,-86,-88,-86,-86,-86,-86,-86,-87,-86,-87,-73,-71,-73,-72,-73,-72,-73,-73,-72,-72,-73,-72,-73,-73,-72,-72,-73,-72,-73,-72,-36,-36,-39,-36,-36,-39,-36,-35,-36,-39,-36,-36,-36,-38,-38,-36,-38,-36,-38,-36,-89,-89,-89,-89,-89,-39,-36,-36,-36,-39,-36,-36,-39,-36,-36,-36,-39,-35,-36,-36,-38,-39,-36,-38,-36,-36,-36,-39,-36,-36,-39,-36,-36,-36,-39,-35,-36,-36,-38,-39,-36,-38,-36,-38,-36,-72,-72,-72,-73,-72,-72,-72,-72,-73,-72,-72,-72,-72,-71,-72,-72,-72,-72,-72,-72,-50,-64,-64,-65,-63,-64,-65,-69,-63,-65,-64,-64,-68,-63,-47,-63,-64,-63,-63,-65,-62,-62,-59,-62,-61,-58,-61,-61,-62,-61,-69,-61,-61,-61,-62,-61,-61,-62,-62,-58,-87,-87,-87,-87,-87,-87,-87,-87,-87,-87,-87,-87,-87,-87,-87,-87,-87,-80,-80,-80,-80,-80,-80,-62,-63,-62,-64,-70,-62,-63,-62,-62,-63,-60,-63,-62,-63,-63,-50,-61,-63,-62,-63,-90,-90,-90,-90,-90,-86,-86,-51,-53,-53,-53,-53,-53,-52,-53,-53,-52,-52,-53,-53,-53,-53,-53,-51,-52,-53,-52,-60,-63,-61,-63,-63,-63,-63,-63,-61,-63,-62,-62,-62,-50,-62,-62,-62,-63,-63,-62,-79,-79,-79,-79,-79,-79,-73,-72,-72,-73,-72,-73,-73,-72,-72,-73,-72,-72,-72,-73,-73,-72,-72,-73,-73,-72,-79,-81,-79,-79,-79,-79,-79,-79,-81,-81,-79,-81,-81,-81,-79,-82,-81,-79,-82,-79,-80,-82,-80,-80,-82,-81,-79,-81,-81,-81,-80,-81,-81,-81,-81,-81,-80,-81,-81,-80,-73,-71,-73,-73,-73,-73,-73,-72,-72,-73,-72,-72,-73,-73,-72,-73,-73,-73,-73,-73,-73,-73,-72,-73,-73,-73,-72,-72,-73,-72,-71,-72,-73,-72,-72,-72,-72,-72,-73,-72,-78,-80,-80,-78,-82,-81,-80,-81,-81,-81,-82,-81,-81,-81,-81,-79,-81,-80,-80,-81,-78,-78,-78,-78,-78,-78,-77,-77,-77,-76,-76,-77,-76,-76,-77,-76,-77,-77,-76,-76,-77,-77,-76,-76,-77,-76,-81,-82,-82,-82,-82,-83,-82,-82,-82,-82,-82,-82,-82,-82,-82,-82,-82,-82,-82,-83,-85,-87,-86,-88,-87,-86,-87,-87,-86,-88,-86,-86,-86,-85,-86,-86,-86,-86,-86,-85,-85,-69,-72,-68,-69,-72,-72,-69,-75,-69,-72,-75,-69,-75,-72,-75,-75,-72,-69,-75,-68,-79,-80,-79,-79,-79,-79,-79,-79,-80,-80,-79,-79,-79,-80,-79,-79,-79,-79,-79,-79];
