exp = "RSSI online TWIST small 03";
x = [5.16,2.02,8.48,5.39,11.57,11.57,17.59,14.48,17.56,20.54,20.71,23.9,30.28,26.53,22.08,26.68,9.81,16.12,2.17,3.51];
y = [10.94,10.98,1.93,5.06,1.89,5.06,10.95,10.95,5.06,10.94,1.65,1.67,1.67,5.39,9.02,9.03,9.02,9.02,4.98,9.02];
z = [69.71,72.06,71.79,70.6,70.9,72.88,67.11,68.11,72.12,67.53,71.8,71.36,66.94,71.6,71.15,73.84,71.51,72.28,72.33,72.79];
variance = [131,2,110,2,130,2,136,2,148,2,159,2,130,2,130,2,117,2,211,2,103,2,127,2,320,2,169,2,231,2,140,2,123,2,121,2,100,2,83,2];
rssi1 = [-83,-82,-83,-83,-83,-82,-82,-83,-83,-71,-71,-71,-71,-70,-71,-70,-70,-70,-71,-70,-69,-70,-71,-70,-70,-71,-70,-70,-70,-71,-70,-71,-71,-71,-70,-71,-71,-70,-71,-71,-70,-71,-71,-70,-71,-71,-71,-70,-70,-71,-70,-71,-71,-71,-71,-70,-70,-70,-70,-70,-70,-71,-70,-70,-70,-70,-71,-71,-71,-67,-68,-67,-68,-68,-67,-68,-68,-67,-68,-67,-67,-67,-63,-67,-69,-68,-67,-85,-87,-80,-85,-87,-80,-86,-87,-82,-86,-87,-82,-85,-87,-82,-85,-87,-85,-82,-87,-64,-64,-64,-64,-64,-65,-65,-64,-65,-64,-64,-65,-64,-64,-64,-63,-64,-60,-64,-62,-68,-67,-68,-68,-67,-68,-68,-67,-69,-67,-67,-65,-68,-68,-69,-67,-70,-68,-67,-70,-68,-70,-68,-67,-67,-68,-67,-68,-68,-67,-70,-68,-67,-70,-68,-67,-70,-70,-67,-68,-67,-68,-68,-67,-68,-68,-67,-70,-68,-67,-68,-68,-67,-70,-67,-70,-68,-67,-69,-79,-80,-79,-79,-80,-79,-80,-79,-79,-79,-80,-80,-80,-80,-80,-80,-79,-80,-80,-80,-68,-72,-66,-68,-72,-71,-68,-69,-68,-69,-69,-68,-69,-69,-68,-68,-71,-68,-66,-69,-72,-72,-68,-68,-71,-68,-68,-69,-68,-68,-69,-68,-68,-68,-71,-68,-68,-71,-71,-71,-68,-68,-71,-68,-69,-69,-69,-68,-68,-68,-68,-68,-71,-68,-68,-71,-66,-68,-66,-66,-66,-66,-66,-66,-66,-66,-66,-66,-66,-66,-66,-66,-66,-66,-66,-66,-66,-66,-46,-45,-46,-45,-46,-47,-47,-47,-47,-46,-46,-47,-47,-47,-47,-46,-46,-47,-46,-47,-86,-86,-87,-86,-87,-85,-87,-87,-87,-87,-86,-86,-87,-86,-86,-86,-64,-62,-62,-64,-64,-63,-63,-47,-62,-63,-64,-61,-63,-64,-67,-63,-64,-64,-64,-62,-80,-80,-80,-79,-80,-80,-79,-80,-80,-79,-80,-80,-79,-80,-80,-78,-80,-80,-80,-86,-60,-60,-60,-60,-60,-60,-65,-60,-56,-60,-60,-60,-60,-60,-60,-59,-60,-58,-60,-53,-53,-53,-53,-53,-52,-53,-53,-52,-53,-53,-53,-53,-52,-53,-53,-52,-53,-53,-53,-78,-80,-78,-79,-80,-78,-79,-78,-80,-78,-78,-80,-79,-78,-79,-79,-78,-78,-80,-78,-84,-84,-83,-83,-83,-83,-80,-82,-80,-79,-82,-79,-79,-82,-80,-82,-80,-80,-80,-80,-82,-80,-86,-88,-86,-86,-89,-86,-86,-89,-86,-86,-89,-86,-86,-86,-88,-86,-86,-86,-84,-41,-38,-84,-38,-39,-39,-38,-38,-38,-38,-39,-39,-38,-37,-38,-42,-37,-38,-38,-78,-81,-81,-78,-80,-78,-78,-79,-80,-75,-78,-77,-78,-78,-78,-78,-79,-79,-81,-78];
rssi2 = [-82,-82,-82,-82,-82,-82,-82,-81,-82,-82,-82,-84,-84,-84,-84,-84,-84,-84,-84,-84,-81,-84,-82,-83,-77,-77,-83,-81,-80,-81,-82,-82,-81,-83,-83,-81,-82,-81,-76,-82,-82,-77,-68,-69,-69,-69,-69,-72,-69,-69,-72,-69,-69,-72,-72,-68,-69,-69,-68,-71,-69,-69,-87,-84,-87,-88,-87,-87,-87,-87,-87,-87,-87,-87,-76,-77,-77,-77,-79,-67,-78,-78,-67,-78,-77,-77,-77,-77,-77,-78,-77,-77,-77,-77,-77,-79,-78,-77,-78,-77,-77,-79,-79,-77,-79,-79,-79,-78,-77,-79,-79,-78,-77,-79,-79,-78,-78,-79,-80,-78,-78,-78,-77,-78,-78,-77,-79,-78,-79,-79,-77,-78,-78,-77,-78,-79,-79,-78,-78,-77,-76,-78,-79,-77,-78,-78,-78,-78,-77,-79,-77,-78,-89,-89,-89,-73,-73,-72,-72,-71,-72,-72,-72,-72,-73,-72,-72,-73,-72,-72,-73,-72,-72,-73,-72,-55,-56,-57,-56,-56,-57,-57,-55,-56,-57,-57,-55,-56,-57,-57,-56,-57,-56,-56,-57,-56,-57,-56,-57,-56,-55,-57,-57,-56,-56,-56,-56,-56,-56,-56,-56,-56,-56,-57,-55,-80,-80,-80,-80,-80,-80,-80,-79,-80,-79,-80,-80,-80,-80,-79,-80,-80,-80,-80,-80,-67,-64,-70,-68,-68,-69,-68,-64,-67,-65,-67,-67,-63,-68,-65,-64,-67,-66,-64,-69,-69,-69,-69,-69,-70,-68,-68,-69,-68,-69,-69,-67,-69,-69,-69,-69,-68,-69,-68,-69,-61,-61,-60,-60,-61,-60,-60,-61,-61,-60,-60,-60,-60,-61,-61,-60,-61,-60,-60,-60,-53,-53,-54,-53,-54,-54,-53,-53,-54,-54,-54,-53,-53,-54,-54,-54,-54,-53,-53,-53,-74,-74,-74,-74,-73,-74,-74,-74,-74,-73,-74,-74,-73,-74,-74,-73,-73,-74,-73,-73,-74,-74,-74,-73,-74,-74,-73,-74,-74,-74,-74,-73,-74,-74,-70,-74,-74,-74,-71,-74,-74,-74,-74,-73,-74,-73,-73,-74,-73,-74,-74,-69,-74,-74,-74,-74,-74,-74,-80,-81,-80,-80,-80,-82,-82,-81,-82,-82,-79,-83,-80,-79,-80,-79,-80,-81,-79,-46,-46,-46,-47,-46,-47,-46,-46,-46,-46,-46,-78,-87,-44,-45,-46,-88,-46,-76,-46,-77,-77,-76,-76,-77,-75,-76,-77,-75,-76,-77,-76,-77,-76,-77,-77,-75,-76,-77,-77,-87,-86,-85,-87,-87,-85,-87,-86,-85,-87,-87,-86,-86,-86,-86,-86,-86,-87,-86,-85];
rssi3 = [-79,-80,-79,-79,-79,-80,-79,-80,-80,-79,-79,-80,-79,-79,-79,-79,-80,-79,-79,-80,-80,-79,-79,-80,-79,-80,-80,-79,-80,-81,-78,-79,-79,-79,-80,-81,-80,-80,-79,-80,-80,-80,-81,-80,-79,-80,-80,-79,-79,-80,-78,-80,-80,-80,-80,-80,-79,-80,-79,-80,-77,-76,-75,-77,-77,-75,-75,-77,-76,-75,-77,-76,-77,-75,-77,-77,-76,-77,-77,-71,-71,-71,-71,-71,-72,-72,-72,-72,-70,-70,-71,-71,-70,-73,-72,-71,-73,-70,-72,-56,-57,-55,-57,-57,-57,-56,-56,-56,-51,-55,-56,-49,-56,-50,-56,-56,-54,-57,-55,-48,-47,-48,-47,-48,-47,-47,-49,-47,-48,-48,-48,-48,-48,-48,-47,-47,-48,-48,-46,-74,-76,-76,-74,-76,-76,-74,-76,-76,-76,-76,-76,-77,-77,-76,-77,-77,-76,-77,-78,-78,-73,-75,-77,-73,-75,-76,-76,-75,-75,-77,-79,-75,-77,-79,-75,-77,-78,-77,-75,-74,-75,-74,-77,-76,-75,-76,-76,-75,-76,-77,-75,-75,-77,-75,-75,-78,-78,-75,-78,-89,-89,-54,-56,-56,-56,-56,-56,-54,-54,-55,-56,-56,-55,-56,-56,-56,-54,-56,-56,-56,-54,-81,-81,-81,-83,-81,-81,-83,-81,-81,-83,-81,-81,-83,-81,-83,-81,-73,-73,-72,-73,-72,-73,-74,-73,-73,-73,-73,-73,-73,-72,-74,-73,-73,-73,-74,-73,-74,-73,-74,-73,-72,-74,-73,-74,-73,-73,-74,-73,-73,-74,-73,-73,-74,-73,-72,-73,-73,-73,-71,-74,-73,-73,-73,-73,-73,-73,-73,-73,-73,-73,-73,-72,-74,-74,-86,-85,-85,-86,-85,-85,-85,-86,-86,-85,-86,-85,-84,-86,-85,-86,-85,-85,-84,-64,-63,-63,-64,-65,-64,-62,-64,-64,-63,-64,-64,-64,-64,-64,-64,-64,-64,-63,-64,-79,-78,-79,-78,-78,-77,-79,-78,-75,-79,-78,-75,-79,-78,-79,-79,-78,-79,-79,-79,-87,-87,-87,-85,-87,-85,-89,-87,-85,-89,-87,-87,-89,-87,-87,-88,-87,-87,-85,-40,-39,-40,-41,-40,-40,-38,-40,-40,-40,-40,-40,-39,-39,-43,-40,-39,-40,-40,-39,-80,-80,-80,-80,-81,-81,-81,-80,-80,-80,-79,-80,-81,-81,-80,-80,-79,-80,-80,-77,-74,-76,-77,-74,-74,-77,-77,-74,-77,-77,-78,-77,-77,-75,-74,-77,-75,-76,-69,-67,-69,-68,-68,-70,-70,-67,-69,-68,-68,-69,-67,-67,-68,-68,-69,-67,-70,-69,-77,-77,-74,-77,-78,-78,-77,-76,-74,-75,-76,-74,-75,-77,-74,-75,-74,-74,-77,-77,-73,-78,-77,-75,-77,-77,-75,-77,-77,-74,-77,-77,-74,-77,-77,-74,-73,-60,-60,-60,-59,-60,-60,-60,-60,-60,-60,-60,-60,-60,-60,-60,-60,-60,-60,-60,-60,-82,-82,-82,-82,-82,-82,-82,-82,-82,-82,-82,-82,-82];
