exp = "RSSI online TWIST small 02 sig gen";
x = [30.28,26.53,23.9,5.16,2.17,3.51,20.54,14.48,17.59,16.12,26.68,22.08,11.57,17.56,8.48,11.57,9.81,2.02,20.71,5.39];
y = [1.67,5.39,1.67,10.94,4.98,9.02,10.94,10.95,10.95,9.02,9.03,9.02,5.06,5.06,1.93,1.89,9.02,10.98,1.65,5.06];
z = [67.34,70.37,73.45,66.59,65.65,66.42,70.79,70.19,70.67,74.13,71.34,72.07,68.89,78.08,71.04,65.77,66.57,64.99,74.27,69.5];
variance = [204,2,262,2,128,2,110,2,136,2,129,2,184,2,110,2,99,2,73,2,80,2,137,2,176,2,107,2,131,2,213,2,133,2,182,2,125,2,142,2];
rssi1 = [-45,-45,-45,-45,-45,-45,-45,-45,-45,-45,-45,-45,-45,-45,-45,-45,-45,-45,-45,-45,-60,-60,-44,-70,-25,-70,-70,-49,-49,-45,-53,-53,-44,-44,-62,-62,-45,-40,-40,-40,-73,-77,-78,-79,-78,-78,-79,-77,-80,-79,-79,-79,-80,-79,-78,-78,-79,-79,-79,-79,-52,-52,-52,-52,-52,-80,-79,-80,-80,-80,-80,-79,-80,-80,-80,-80,-80,-80,-80,-80,-81,-80,-80,-80,-81,-74,-74,-75,-75,-74,-74,-75,-73,-76,-76,-76,-75,-75,-75,-75,-75,-75,-75,-75,-75,-75,-75,-75,-76,-74,-74,-74,-74,-75,-75,-76,-75,-75,-75,-74,-75,-75,-75,-75,-74,-75,-75,-75,-75,-74,-74,-74,-74,-75,-75];
rssi2 = [-53,-53,-53,-53,-54,-53,-53,-53,-53,-53,-53,-53,-53,-53,-54,-53,-54,-54,-54,-54,-38,-38,-38,-38,-38,-38,-38,-38,-38,-38,-38,-38,-38,-80,-80,-80,-80,-80,-80,-80,-81,-81,-81,-83,-84,-84,-84,-83,-83,-83,-86,-87,-87,-87,-87,-87,-87,-87,-87,-87,-87,-87,-87,-75,-75,-76,-76,-75,-75,-75,-75,-76,-76,-75,-76,-76,-75,-75,-76,-76,-76,-76,-75,-80,-80,-80,-80,-80,-80,-81,-81,-81,-81,-81,-81,-81,-81,-81,-81,-81,-81,-81,-80,-80,-80,-80,-80,-80];
rssi3 = [-66,-66,-66,-66,-66,-66,-66,-66,-66,-66,-66,-66,-66,-66,-66,-66,-66,-66,-66,-66,-46,-46,-46,-46,-46,-46,-46,-46,-46,-46,-77,-79,-80,-77,-79,-79,-77,-77,-77,-77,-77,-77,-77,-81,-81,-81,-81,-78,-78,-78,-87,-87,-87,-87,-87,-88,-88,-88,-88,-83,-83,-83,-83,-83,-83,-85,-82,-82,-82,-79,-75,-76,-76,-76,-76,-75,-76,-76,-76,-76,-76,-76,-76,-76,-76,-76,-76,-76,-76,-86,-87,-87,-87,-87,-86,-87,-87,-87,-85,-88,-87,-87,-87,-88,-87,-86,-87,-87,-86,-50,-50,-50,-50,-50,-50,-50,-50,-50,-50,-50,-50,-50,-74,-75,-76,-76,-76,-76,-75,-76,-76,-74,-74,-74,-74,-75,-74,-73,-73,-74,-74,-76,-73,-76,-76,-76,-76,-76,-75,-77,-76,-74,-73,-73,-74,-75,-74,-74,-74,-74,-77,-76,-76,-75,-77,-76,-77,-77,-74,-75,-75,-75,-75,-75,-75,-75,-75,-75,-75];
rssi4 = [-71,-73,-72,-73,-72,-71,-71,-71,-71,-73,-73,-73,-73,-71,-73,-73,-72,-71,-72,-72,-71,-73,-73,-72,-73,-71,-71,-71,-71,-71,-71,-71,-71,-71,-73,-73,-71,-71,-71,-72,-71,-73,-73,-73,-73,-71,-71,-71,-71,-71,-73,-73,-73,-73,-73,-73,-71,-71,-71,-72,-70,-72,-67,-67,-68,-68,-68,-68,-70,-70,-70,-70,-70,-73,-73,-73,-73,-73,-73,-73,-73,-72,-72,-72,-72,-72,-72,-72,-72,-72,-72,-72,-72,-72,-72,-72,-72,-72,-72,-63,-63,-63,-63,-66,-66,-66,-66,-66,-66,-66,-66,-67,-67,-64,-64,-64,-65,-65,-65,-63,-66,-63,-63,-66,-66,-66,-66,-67,-64,-64,-67,-67,-66,-66,-63,-64,-64,-64,-64,-65,-65,-63,-63,-68,-68,-68,-68,-65,-66,-66,-66,-66,-63,-64,-65,-64,-63,-63,-68,-69,-69,-68,-69,-69,-69,-69,-69,-69,-69,-69,-69,-69,-69,-69,-68,-69,-69,-69,-49,-49,-49,-48,-49,-49,-49,-49,-54,-49,-50,-49,-50,-49,-49,-49,-50,-49,-49,-49,-86,-86,-86,-86,-86,-86,-87,-86,-86,-85,-86,-86,-86,-85,-86,-85,-87,-85,-86,-86,-64,-66,-65,-65,-65,-65,-65,-65,-65,-65,-66,-65,-66,-65,-64,-65,-66,-65,-69,-75,-75,-75,-76,-76,-76,-76,-76,-76,-76,-77,-76,-76,-76,-76,-75,-76,-76,-76,-76,-52,-57,-57,-52,-52,-53,-53,-55,-53,-53,-52,-52,-53,-52,-53,-52,-53,-53,-53,-53,-56,-56,-57,-56,-57,-57,-57,-57,-57,-57,-57,-57,-57,-57,-57,-57,-57,-57,-57,-57,-80,-80,-80,-80,-80,-80,-80,-80,-80,-80,-44,-45,-45,-44,-44,-45,-46,-45,-45,-43,-45,-43,-43,-44,-45,-45,-44,-45,-46,-45,-86,-86,-86,-86,-87,-86,-87,-87,-87,-87,-87,-87,-86,-87,-86,-86,-87,-86,-87,-87,-60,-61,-62,-62,-61,-62,-61,-60,-64,-62,-61,-62,-62,-62,-62,-61,-62,-62,-62,-62,-61,-61,-62,-62,-62,-62,-61,-61,-62,-62,-62,-62,-62,-62,-62,-62,-65,-63,-62,-62,-61,-61,-62,-62,-62,-62,-61,-61,-62,-62,-62,-62,-62,-62,-62,-62,-62,-62,-62,-62];
rssi5 = [-86,-86,-86,-86,-86,-86,-86,-86,-86,-86,-86,-86,-86,-86,-86,-37,-41,-38,-37,-37,-37,-38,-37,-37,-37,-37,-37,-38,-64,-37,-38,-38,-37,-37,-37,-74,-74,-74,-74,-74,-74,-74,-74,-74,-74,-74,-74,-74,-74,-74,-62,-62,-62,-62,-62,-65,-62,-62,-68,-62,-64,-52,-64,-64,-62,-65,-65,-65,-65,-65,-77,-77,-77,-77,-77,-77,-77,-77,-77,-77,-77,-77,-78,-77,-78,-75,-78,-77,-78,-77,-54,-54,-62,-59,-57,-57,-56,-56,-56,-56,-59,-59,-56,-57,-57,-57,-57,-57,-57,-61,-41,-64,-63,-63,-63,-63,-63,-63,-63,-61,-61,-63,-63,-61,-61,-63,-63,-59,-63,-63,-80,-81,-80,-80,-81,-81,-81,-81,-81,-80,-81,-81,-81,-81,-81,-81,-81,-81,-81,-81,-65,-65,-66,-65,-66,-66,-66,-66,-66,-66,-66,-66,-65,-65,-66,-66,-66,-66,-66,-66,-53,-73,-73,-73,-73,-73,-73,-72,-71,-71,-71,-73,-73,-73,-73,-72,-72,-72,-72,-72,-73,-73,-73,-73,-73,-73,-73,-73,-73,-73,-71,-73,-73,-73,-72,-72,-72,-72,-54,-59,-59,-60,-59,-60,-60,-59,-60,-60,-60,-60,-60,-60,-60,-60,-60,-60,-60,-60,-55,-59,-59,-60,-59,-60,-60,-60,-60,-60,-60,-60,-60,-60,-60,-60,-60,-60,-59,-60,-54,-62,-62,-60,-60,-60,-60,-60,-60,-60,-60,-60,-60,-60,-60,-60,-60,-60,-60,-60];
rssi6 = [-67,-67,-67,-66,-67,-66,-66,-66,-67,-67,-67,-67,-67,-67,-67,-67,-67,-67,-67,-68,-66,-66,-67,-67,-66,-66,-67,-67,-67,-66,-67,-67,-66,-66,-66,-67,-67,-67,-67,-67,-67,-66,-67,-66,-66,-67,-67,-67,-67,-67,-66,-67,-66,-67,-67,-67,-67,-66,-67,-67,-86,-86,-87,-87,-87,-86,-87,-87,-87,-87,-87,-86,-87,-87,-87,-87,-87,-87,-87,-87,-55,-58,-58,-58,-58,-58,-58,-58,-58,-58,-57,-58,-58,-58,-58,-58,-58,-58,-58,-56,-76,-76,-76,-76,-76,-76,-76,-76,-76,-76,-76,-76,-76,-76,-76,-76,-76,-76,-73,-73,-73,-73,-73,-73,-73,-73,-73,-73,-73,-73,-73,-73,-73,-73,-73,-73,-69,-69,-69,-69,-68,-68,-68,-68,-68,-68,-68,-70,-70,-70,-68,-68,-68,-68,-68,-67,-67,-67,-68,-69,-68,-68,-70,-69,-70,-70,-70,-70,-70,-70,-70,-69,-69,-69,-69,-68,-68,-68,-68,-68,-68,-68,-69,-69,-70,-70,-70,-70,-70,-70,-70,-68,-68,-68,-69,-79,-78,-79,-78,-79,-78,-78,-79,-79,-79,-79,-79,-79,-79,-79,-79,-79,-79,-79,-79,-50,-52,-58,-52,-52,-52,-52,-52,-52,-53,-53,-53,-52,-52,-54,-53,-53,-53,-53,-51,-87,-87,-86,-87,-87,-86,-86,-86,-87,-87,-86,-87,-87,-87,-87,-87,-87,-87,-86,-86,-67,-68,-68,-67,-68,-68,-68,-68,-68,-68,-68,-68,-68,-68,-68,-68,-68,-68,-68,-73,-74,-74,-74,-73,-73,-74,-74,-74,-74,-74,-74,-74,-74,-74,-74,-74,-74,-74,-74,-53,-54,-48,-54,-51,-51,-51,-52,-51,-49,-50,-51,-51,-50,-52,-51,-52,-51,-51,-51,-67,-68,-68,-68,-68,-68,-68,-68,-68,-68,-68,-68,-68,-68,-68,-68,-69,-68,-68,-68,-59,-61,-60,-62,-61,-61,-60,-63,-60,-61,-61,-62,-61,-67,-61,-61,-61,-61,-61,-61,-77,-77,-77,-77,-77,-77,-77,-77,-77,-77,-77,-77,-77,-78,-77,-78,-78,-78,-77,-78,-47,-49,-49,-47,-47,-50,-52,-49,-49,-49,-50,-50,-47,-47,-50,-49,-47,-47,-47,-47,-47,-49,-49,-47,-47,-52,-49,-50,-49,-49,-50,-50,-47,-47,-50,-50,-47,-47,-47,-50,-47,-49,-49,-47,-47,-50,-49,-50,-50,-50,-50,-50,-47,-48,-49,-50,-47,-48,-47,-47];
rssi7 = [-77,-77,-77,-79,-78,-78,-77,-78,-78,-78,-78,-78,-77,-78,-77,-78,-77,-78,-78,-78,-59,-57,-59,-60,-64,-60,-60,-61,-60,-60,-60,-61,-61,-60,-60,-59,-59,-60,-60,-62,-68,-68,-68,-68,-68,-68,-56,-56,-56,-56,-57,-56,-56,-56,-56,-57,-57,-57,-56,-57,-57,-57,-57,-56,-57,-57,-45,-32,-32,-32,-32,-32,-32,-32,-32,-32,-32,-32,-32,-32,-32,-33,-32,-33,-32,-32,-77,-77,-78,-77,-77,-76,-77,-76,-78,-77,-77,-77,-78,-78,-78,-78,-78,-78,-76,-77,-72,-73,-73,-73,-74,-74,-73,-74,-74,-73,-74,-72,-73,-73,-73,-73,-72,-71,-72,-83,-84,-84,-84,-83,-83,-84,-83,-84,-83,-84,-83,-83,-84,-84,-84,-84,-84,-84,-84,-73,-73,-73,-73,-73,-73,-73,-73,-73,-73,-73,-73,-72,-74,-73,-73,-75,-72,-72,-67,-66,-66,-66,-68,-68,-68,-71,-66,-67,-67,-67,-67,-67,-67,-66,-66,-66,-65,-63,-63,-62,-62,-62,-62,-59,-59,-59,-59,-59,-59,-59,-54,-61,-61,-61,-61,-64,-68,-85,-85,-85,-85,-84,-84,-84,-85,-84,-85,-85,-85,-85,-85,-85,-85,-85,-85,-85,-85,-73,-72,-73,-73,-73,-71,-73,-74,-73,-73,-74,-74,-72,-73,-73,-74,-73,-72,-72,-77,-82,-82,-82,-83,-83,-83,-79,-79,-79,-79,-82,-82,-82,-83,-83,-83,-83,-83,-79,-83,-83,-80,-79,-83,-83,-79,-79,-83,-82,-83,-84,-83,-83,-83,-83,-83,-82,-83,-79,-83,-83,-83,-83,-83,-83,-83,-83,-84,-83,-83,-83,-84,-84,-83];
