exp = "RSSI online TWIST small 01 sig gen";
x = [8.48,5.39,2.17,2.02,20.54,26.53,22.08,14.48,11.57,11.57,5.16,3.51,9.81,17.59,16.12,23.9,17.56,20.71,26.68,30.28];
y = [1.93,5.06,4.98,10.98,10.94,5.39,9.02,10.95,1.89,5.06,10.94,9.02,9.02,10.95,9.02,1.67,5.06,1.65,9.03,1.67];
z = [71.21,72.06,72,70.48,70.31,69.15,70.91,70.13,70.09,71.79,70.23,70.34,67.47,68.66,69.84,70.12,73.75,72.17,72.98,68.05];
variance = [149,2,105,2,137,2,120,2,194,2,119,2,229,2,84,2,208,2,226,2,128,2,135,2,111,2,102,2,128,2,107,2,116,2,103,2,149,2,177,2];
rssi1 = [-83,-84,-84,-82,-82,-82,-82,-82,-82,-82,-82,-82,-82,-82,-82,-82,-82,-82,-82,-83,-84,-84,-84,-84,-84,-84,-84,-84,-84,-84,-84,-87,-88,-86,-86,-86,-85,-87,-86,-87,-87,-87,-87,-82,-83,-83,-83,-83,-83,-83,-83,-82,-82,-82,-82,-82,-82,-82,-84,-84,-78,-79,-77,-77,-76,-78,-78,-77,-77,-77,-78,-78,-49,-49,-49,-49,-51,-51,-51,-51,-51,-51,-51,-76,-76,-76,-76,-76,-77,-78,-78,-78,-78,-78,-78,-77,-76,-77,-77,-77,-78,-77,-76,-77,-78,-78,-76,-76,-76,-76,-76,-77,-76,-76,-77,-77,-77,-77,-59,-58,-59,-59,-59,-59,-59,-59,-59,-59,-59,-59,-67,-68,-67,-68,-68,-67,-68,-68,-68,-68,-68,-67,-67,-68,-67,-68,-68,-68,-68,-68,-68,-68,-68,-67,-68,-69,-68,-68,-68,-67,-67,-68,-68,-68,-82,-83,-84,-83,-83,-84,-83,-83,-84,-83,-83,-82,-57,-57,-57,-57,-57,-57,-57,-57,-57,-57,-57,-57,-85,-86,-87,-87,-87,-87,-87,-86,-85,-56,-55,-55,-55,-55,-55,-55,-56,-56,-56,-56,-55,-55,-55,-55,-55,-55,-55,-55,-55,-56,-56,-55,-56,-55,-55,-55,-55,-55,-55,-55,-55,-56,-56,-55,-56,-41,-41,-41,-41,-41,-41,-41,-41,-41,-41,-76,-75,-77,-76,-76,-77,-76,-76,-76,-76,-76,-76,-85,-85,-85,-85,-90,-90,-90,-89,-88,-85,-86,-85,-55,-53,-53,-53,-53,-53,-53,-53,-53,-53,-53,-78,-77,-77,-77,-77,-77,-77,-77,-77,-78,-77,-77,-77,-76,-76,-76,-76,-77,-77,-76,-78,-76,-62,-63,-63,-63,-63,-63,-63,-63,-63,-63,-63,-64,-76,-76,-76,-76,-75,-75,-76,-76,-76,-76,-76,-76,-76,-76,-76,-75,-75,-77,-77,-77,-77,-77,-77,-75,-75,-76,-76,-75,-75,-76,-77,-76,-76,-76,-77,-75];
rssi2 = [-79,-77,-77,-79,-79,-79,-77,-77,-77,-78,-79,-79,-82,-82,-77,-78,-79,-80,-78,-78,-77,-79,-79,-79,-79,-77,-78,-79,-79,-79,-78,-78,-78,-79,-79,-79,-84,-84,-84,-84,-84,-84,-84,-84,-84,-84,-84,-84,-77,-77,-77,-77,-77,-83,-81,-77,-77,-78,-78,-82,-77,-77,-78,-77,-77,-81,-81,-81,-81,-77,-79,-82,-77,-77,-77,-77,-77,-81,-80,-77,-77,-77,-78,-82,-46,-46,-46,-46,-46,-46,-46,-76,-77,-78,-78,-78,-78,-79,-79,-79,-78,-77,-77,-77,-77,-77,-77,-77,-77,-77,-77,-76,-76,-76,-76,-77,-77,-77,-79,-78,-78,-78,-78,-59,-60,-59,-59,-60,-60,-59,-59,-59,-60,-59,-60,-70,-70,-70,-74,-69,-69,-71,-70,-70,-70,-73,-74,-70,-69,-70,-75,-72,-72,-70,-70,-70,-70,-74,-74,-75,-75,-75,-75,-75,-75,-75,-75,-73,-73,-70,-69,-70,-74,-70,-70,-70,-70,-70,-70,-84,-84,-85,-84,-85,-84,-86,-85,-84,-84,-85,-86,-82,-86,-85,-85,-84,-85,-87,-86,-87,-84,-85,-86,-85,-85,-87,-87,-87,-87,-84,-84,-53,-53,-54,-53,-53,-57,-57,-54,-54,-57,-57,-54,-53,-53,-54,-54,-54,-57,-57,-54,-54,-54,-57,-54,-53,-53,-53,-53,-53,-57,-57,-54,-54,-57,-57,-54,-42,-42,-42,-42,-42,-42,-42,-65,-65,-65,-66,-65,-65,-66,-66,-65,-65,-66,-66,-68,-68,-76,-76,-76,-76,-76,-76,-76,-76,-76,-76,-85,-85,-89,-78,-77,-77,-79,-79,-79,-77,-77,-77,-77,-78,-78,-78,-78,-78,-78,-78,-78,-78,-78,-78,-78,-76,-76,-79,-79,-79,-79,-79,-79,-79,-65,-66,-66,-66,-66,-66,-66,-66,-66,-66,-66,-66,-69,-68,-68,-68,-68,-68,-68,-69,-68,-68,-69,-69,-68,-75,-75,-75,-75,-75,-75,-75,-75,-75,-75,-75,-68,-67,-67,-68,-68,-68,-67,-68,-68,-68,-68,-68,-69,-68,-68,-69,-69,-68,-68,-69,-68,-68,-68,-68];
rssi3 = [-79,-82,-82,-83,-83,-83,-82,-83,-83,-83,-83,-83,-79,-82,-82,-83,-82,-82,-83,-83,-83,-83,-83,-83,-83,-82,-82,-83,-82,-83,-82,-83,-83,-82,-82,-82,-84,-64,-64,-64,-65,-65,-66,-66,-66,-66,-66,-82,-82,-77,-82,-82,-82,-82,-82,-82,-82,-82,-57,-57,-57,-57,-57,-57,-57,-57,-57,-57,-57,-81,-81,-81,-81,-81,-81,-81,-81,-81,-79,-80,-81,-81,-80,-80,-81,-78,-81,-81,-81,-81,-81,-81,-81,-81,-81,-81,-80,-53,-53,-53,-53,-52,-53,-53,-53,-53,-53,-53,-53,-74,-75,-74,-74,-74,-75,-74,-74,-74,-72,-74,-74,-74,-76,-76,-76,-76,-76,-76,-74,-74,-76,-76,-77,-75,-76,-76,-76,-76,-76,-76,-72,-74,-74,-74,-75,-74,-74,-74,-74,-74,-74,-74,-87,-87,-87,-88,-88,-88,-88,-88,-88,-89,-89,-87,-66,-66,-66,-66,-66,-86,-75,-75,-76,-76,-76,-76,-76,-76,-76,-76,-77,-76,-86,-86,-86,-86,-86,-86,-86,-86,-86,-86,-86,-86,-68,-68,-68,-67,-66,-69,-69,-68,-68,-67,-66,-69,-68,-68,-68,-67,-66,-68,-69,-68,-68,-66,-67,-68,-68,-68,-68,-66,-67,-69,-68,-68,-68,-67,-67,-68,-41,-44,-44,-40,-40,-41,-41,-41,-41,-41,-41,-42,-88,-88,-88,-88,-88,-88,-88,-88,-88,-88,-88,-88,-75,-75,-77,-77,-77,-75,-76,-76,-76,-76,-76,-77,-89,-58,-58,-58,-58,-58,-58,-58,-58,-59,-58,-59,-59,-82,-81,-81,-81,-81,-81,-81,-81,-81,-77,-77,-77,-77,-78,-77,-77,-77,-77,-77,-77,-78,-58,-58,-55,-56,-56,-56,-58,-58,-58,-58,-58,-55,-75,-76,-76,-76,-77,-77,-75,-75,-75,-75,-75,-75,-58,-58,-59,-55,-56,-56,-58,-58,-58,-58,-59,-56,-58,-58,-55,-56,-56,-56,-59,-58,-58,-57,-58,-56];
rssi4 = [-72,-72,-74,-75,-75,-74,-74,-75,-76,-74,-77,-74,-74,-75,-74,-75,-75,-75,-73,-73,-74,-72,-74,-74,-75,-75,-74,-74,-75,-75,-73,-77,-74,-82,-82,-82,-82,-82,-82,-80,-80,-80,-80,-78,-78,-82,-75,-75,-75,-75,-78,-75,-76,-75,-75,-75,-75,-75,-76,-76,-74,-76,-76,-75,-75,-75,-75,-75,-75,-76,-76,-75,-75,-76,-76,-76,-77,-78,-77,-76,-76,-70,-69,-69,-69,-71,-71,-69,-69,-70,-70,-70,-70,-76,-76,-77,-77,-76,-76,-78,-77,-77,-76,-76,-75,-77,-77,-76,-77,-77,-76,-76,-76,-76,-76,-77,-77,-77,-78,-75,-76,-78,-77,-78,-75,-75,-76,-72,-72,-71,-76,-74,-74,-71,-70,-70,-73,-72,-70,-52,-51,-52,-52,-53,-53,-53,-53,-53,-53,-52,-52,-52,-52,-52,-53,-53,-53,-53,-54,-52,-53,-53,-76,-76,-77,-76,-77,-77,-77,-76,-77,-76,-76,-77,-58,-58,-58,-57,-58,-57,-59,-57,-58,-60,-58,-58,-75,-76,-77,-74,-76,-76,-76,-78,-76,-76,-76,-76,-87,-87,-87,-87,-88,-88,-88,-88,-88,-88,-88,-88,-76,-76,-76,-75,-75,-75,-75,-75,-75,-75,-79,-79,-79,-79,-79,-79,-79,-79,-79,-79,-79,-78,-78,-81,-81,-78,-78,-78,-78,-79,-79,-80,-80,-78,-79,-79,-79,-79,-79,-54,-55,-55,-55,-55,-59,-60,-60,-58,-61,-59,-58,-61,-62,-62,-60,-61,-62,-62,-62,-63,-62,-62,-61,-74,-75,-75,-75,-75,-75,-75,-75,-75,-75,-75,-75,-75,-75,-75,-75,-76,-75,-76,-75,-75,-75,-75,-74,-90,-90,-90,-90,-91,-90,-90,-90,-90,-76,-75,-75,-76,-75,-75,-75,-77,-76,-75,-74,-76,-76,-76,-75,-77,-75,-75,-76,-77,-76,-75,-75,-76,-46,-46,-47,-46,-45,-46,-46,-46,-46,-48,-50,-46,-75,-75,-75,-77,-76,-75,-76,-76,-76,-75,-74,-75,-52,-53,-50,-54,-54,-52,-53,-53,-51,-51,-53,-55,-53,-53,-50,-54,-54,-53,-53,-53,-51,-51,-52,-55,-52,-49,-50,-54,-54,-53,-53,-53,-51,-51,-52,-55];
rssi5 = [-45,-48,-47,-47,-47,-46,-46,-46,-46,-46,-46,-46,-46,-48,-47,-46,-51,-46,-46,-46,-46,-46,-46,-46,-46,-47,-47,-46,-47,-47,-47,-46,-46,-47,-46,-46,-86,-87,-87,-87,-87,-87,-87,-87,-87,-87,-87,-87,-67,-67,-77,-77,-77,-77,-77,-77,-77,-77,-77,-77,-61,-61,-62,-62,-62,-62,-62,-81,-81,-81,-81,-81,-81,-81,-81,-81,-81,-81,-81,-81,-81,-81,-81,-81,-81,-81,-80,-80,-80,-80,-80,-80,-80,-80,-80,-76,-76,-76,-77,-76,-76,-77,-77,-77,-77,-77,-77,-68,-68,-60,-60,-60,-60,-63,-63,-63,-63,-63,-54,-54,-54,-54,-54,-54,-54,-54,-54,-54,-54,-54,-34,-34,-34,-34,-34,-34,-33,-34,-34,-34,-34,-35,-79,-78,-79,-78,-78,-78,-78,-78,-79,-78,-79,-79,-83,-83,-82,-79,-78,-79,-78,-78,-78,-78,-78,-78,-78,-79,-79,-79,-79,-79,-78,-78,-78,-78,-79,-77,-78,-79,-79,-81,-81,-81,-88,-87,-88,-88,-87,-87,-90,-90,-90,-88,-88,-88,-79,-79,-79,-80,-79,-79,-79,-80,-79,-79,-79,-80,-71,-70,-71,-74,-73,-74,-74,-73,-73,-74,-73,-73,-70,-70,-70,-73,-74,-73,-73,-73,-73,-73,-73,-73,-71,-70,-71,-73,-73,-74,-74,-74,-73,-74,-73,-73,-63,-64,-69,-69,-69,-64,-64,-65,-64,-64,-64,-65,-81,-81,-81,-82,-81,-82,-82,-82,-82,-82,-82,-82,-74,-74,-74,-74,-76,-76,-76,-74,-75,-76,-75,-74,-74,-75,-74,-74,-75,-76,-76,-75,-74,-76,-74,-75,-74,-74,-74,-75,-76,-76,-76,-75,-74,-76,-75,-75];
