exp = "RSSI online TWIST small 01";
x = [17.56,20.71,14.48,16.12,2.17,30.28,22.08,9.81,2.02,5.16,3.51,8.48,5.39,11.57,11.57,17.59,20.54,26.68,23.9,26.53];
y = [5.06,1.65,10.95,9.02,4.98,1.67,9.02,9.02,10.98,10.94,9.02,1.93,5.06,5.06,1.89,10.95,10.94,9.03,1.67,5.39];
z = [72.47,72.17,65.96,65.91,68.17,71.45,60.08,67.07,69.3,69.03,68.6,75.15,73.56,73.93,73.12,62.17,55.9,75,72.56,74.11];
variance = [319,2,278,2,285,2,266,2,251,2,393,2,281,2,192,2,195,2,237,2,233,2,160,2,226,2,283,2,282,2,227,2,349,2,342,2,360,2,273,2];
rssi1 = [-86,-86,-86,-86,-86,-86,-86,-86,-86,-51,-51,-51,-51,-52,-50,-51,-52,-50,-51,-51,-51,-51,-52,-51,-82,-82,-83,-83,-83,-83,-81,-84,-82,-82,-83,-84,-82,-82,-84,-89,-89,-88,-91,-90,-89,-90,-89,-89,-90,-89,-89,-89,-90,-89,-62,-61,-61,-63,-62,-61,-62,-61,-63,-61,-63,-66,-61,-63,-65,-45,-46,-46,-46,-46,-46,-46,-46,-46,-46,-46,-46,-46,-46,-46,-79,-73,-74,-74,-79,-79,-79,-80,-80,-73,-80,-78,-80,-79,-79,-92,-90,-90,-90,-90,-90,-92,-92,-90,-92,-91,-90,-91,-91,-91,-91,-91,-91,-91,-91,-91,-91,-91,-91,-91,-91,-91,-90,-91,-89,-90,-90,-89,-90,-88,-90,-88,-89,-89,-90,-90,-90,-48,-48,-48,-47,-48,-48,-48,-48,-48,-47,-48,-48,-48,-48,-48,-84,-83,-85,-82,-90,-82,-85,-87,-85,-85,-88,-86,-85,-80,-85,-69,-69,-70,-72,-89,-71,-69,-70,-70,-69,-69,-69,-70,-69,-69,-91,-91,-91,-91,-91,-91,-91,-91,-91,-91,-91,-88,-89,-83,-87,-85,-88,-88,-87,-88,-83,-85,-88,-88,-87,-89,-38,-38,-38,-38,-38,-38,-38,-38,-38,-38,-38,-38,-38,-38,-38,-38,-39,-38,-38,-39,-39,-37,-38,-39,-39,-38,-39,-38,-38,-39,-79,-77,-80,-79,-77,-78,-79,-77,-77,-79,-77,-77,-78,-79,-78,-79,-76,-79,-79,-76,-77,-79,-77,-77,-79,-77,-77,-79,-79,-77,-79,-77,-77,-79,-77,-78,-76,-79,-76,-78,-79,-77,-80,-77,-79,-80,-78,-77,-77,-79,-77,-77,-79,-77,-76,-79,-79,-77,-79,-77];
rssi2 = [-88,-88,-88,-88,-88,-88,-88,-88,-88,-88,-88,-88,-44,-44,-44,-44,-43,-44,-44,-44,-44,-44,-43,-44,-43,-44,-44,-87,-87,-87,-87,-89,-73,-87,-89,-87,-87,-87,-87,-87,-89,-90,-88,-89,-90,-88,-88,-89,-87,-90,-91,-88,-89,-90,-73,-75,-74,-73,-74,-76,-73,-74,-75,-74,-74,-74,-73,-74,-74,-73,-74,-74,-73,-74,-74,-73,-74,-74,-73,-73,-75,-73,-74,-74,-73,-74,-74,-73,-74,-73,-74,-72,-74,-74,-75,-73,-74,-74,-74,-74,-73,-74,-74,-73,-75,-74,-74,-74,-75,-73,-74,-74,-73,-75,-39,-39,-39,-39,-39,-39,-38,-39,-39,-39,-38,-39,-37,-39,-39,-88,-57,-57,-54,-57,-57,-57,-54,-57,-57,-57,-57,-56,-57,-57,-86,-84,-87,-84,-85,-89,-85,-85,-83,-88,-85,-88,-85,-89,-86,-83,-83,-83,-83,-83,-74,-73,-75,-74,-88,-76,-70,-73,-77,-74,-74,-77,-73,-76,-76,-57,-58,-59,-59,-59,-59,-59,-58,-59,-59,-57,-59,-59,-58,-59,-84,-85,-84,-85,-84,-84,-85,-84,-85,-84,-84,-84,-87,-85,-84,-87,-87,-86,-86,-85,-86,-87,-87,-86,-86,-86,-85,-87,-87,-85,-87,-89,-89,-89,-89,-89,-89,-89,-89,-87,-89,-88,-87,-87,-88,-88,-87,-86,-87,-87,-88,-87,-89,-89,-87,-89,-79,-78,-78,-79,-82,-83,-79,-82,-78,-82,-78,-79,-82,-78,-79,-78,-80,-82,-80,-79,-82,-79,-82,-79,-79,-82,-80,-79,-82,-78,-82,-82,-78,-82,-82,-78,-82,-82,-82,-82,-81,-83,-79,-79,-82,-79,-79,-79,-81,-82,-81,-79,-79,-42,-43,-43,-42,-43,-43,-42,-43,-43,-42,-42,-43,-42,-42,-43,-41,-41,-41,-41,-41,-40,-41,-40,-41,-41,-41,-41,-41,-41,-41];
rssi3 = [-70,-70,-70,-72,-70,-69,-69,-69,-69,-70,-71,-70,-69,-69,-70,-87,-88,-87,-87,-88,-88,-87,-88,-87,-88,-88,-85,-88,-88,-88,-48,-48,-49,-47,-48,-48,-48,-48,-48,-48,-48,-48,-47,-48,-48,-75,-75,-76,-75,-76,-74,-75,-75,-75,-75,-73,-77,-75,-76,-75,-82,-82,-82,-82,-82,-66,-68,-67,-66,-65,-67,-66,-68,-67,-72,-67,-67,-66,-67,-66,-80,-82,-80,-82,-81,-82,-81,-80,-81,-45,-46,-44,-46,-45,-46,-45,-45,-43,-45,-46,-46,-46,-45,-47,-82,-82,-82,-82,-82,-82,-82,-82,-82,-81,-83,-81,-80,-81,-81,-82,-81,-81,-81,-83,-45,-45,-45,-45,-45,-45,-45,-45,-45,-45,-45,-45,-45,-45,-45,-80,-80,-80,-39,-40,-39,-39,-40,-39,-40,-40,-39,-39,-40,-39,-39,-40,-40,-80,-81,-80,-81,-80,-80,-81,-80,-81,-80,-81,-80,-80];
rssi4 = [-65,-66,-68,-66,-64,-63,-64,-65,-66,-64,-67,-71,-65,-67,-65,-61,-61,-62,-62,-62,-61,-60,-61,-60,-62,-62,-61,-62,-62,-62,-52,-52,-51,-51,-52,-52,-52,-51,-52,-51,-52,-51,-52,-53,-52,-64,-63,-63,-64,-63,-63,-64,-63,-63,-63,-63,-63,-63,-63,-63,-79,-81,-79,-79,-80,-79,-82,-79,-82,-79,-79,-82,-79,-91,-89,-90,-91,-89,-91,-89,-89,-90,-89,-91,-90,-87,-91,-90,-79,-81,-79,-81,-81,-79,-81,-81,-79,-79,-81,-79,-79,-81,-81,-57,-59,-58,-56,-60,-57,-57,-61,-55,-56,-58,-55,-58,-55,-56,-81,-81,-81,-80,-78,-82,-81,-82,-81,-79,-79,-81,-79,-81,-79,-79,-79,-79,-79,-79,-34,-34,-34,-34,-34,-34,-34,-34,-34,-34,-34,-34,-34,-34,-34,-45,-45,-45,-45,-45,-45,-45,-45,-45,-45,-45,-45,-45,-45,-45,-81,-81,-81,-81,-81,-83,-83,-83,-83,-83,-83,-83,-83];
rssi5 = [-34,-34,-35,-34,-34,-35,-35,-35,-35,-35,-34,-77,-35,-34,-35,-62,-62,-62,-62,-62,-63,-63,-62,-62,-63,-62,-63,-63,-61,-62,-77,-76,-77,-77,-77,-77,-77,-77,-77,-78,-78,-77,-78,-79,-77,-76,-76,-74,-76,-77,-75,-76,-76,-76,-76,-76,-71,-77,-76,-76,-81,-81,-81,-81,-81,-81,-81,-81,-81,-81,-75,-81,-81,-81,-81,-87,-85,-86,-87,-86,-87,-87,-87,-88,-87,-87,-85,-86,-90,-91,-90,-91,-90,-91,-91,-90,-89,-91,-90,-91,-80,-78,-80,-80,-78,-80,-80,-78,-80,-80,-80,-80,-80,-80,-80,-50,-51,-50,-51,-50,-50,-50,-51,-50,-50,-51,-51,-50,-51,-50,-75,-75,-75,-75,-75,-75,-75,-78,-78,-78,-78,-78,-78,-78,-78,-48,-47,-47,-48,-47,-47,-47,-47,-47,-47,-47,-47,-47,-47,-47,-72,-72,-71,-71,-72,-73,-71,-73,-71,-73,-73,-73,-72,-72,-73,-72,-73,-72,-71,-71,-72,-70,-71,-72,-70,-72,-72,-45,-45,-45,-44,-46,-45,-45,-45,-45,-45,-45,-45,-45,-45,-45,-84,-84,-84,-84,-84,-72,-74,-74,-72,-72,-73,-71,-72,-73,-70,-72,-73,-72,-72,-73];
rssi6 = [-64,-64,-67,-64,-65,-65,-65,-65,-65,-65,-64,-65,-67,-65,-66,-89,-89,-89,-89,-89,-89,-89,-89,-89,-89,-89,-89,-89,-88,-87,-86,-87,-88,-87,-87,-87,-88,-87,-87,-88,-87,-86,-87,-71,-74,-73,-73,-73,-73,-73,-71,-72,-71,-73,-72,-72,-72,-73,-38,-38,-38,-38,-39,-38,-38,-38,-38,-38,-38,-38,-38,-37,-38,-86,-86,-85,-86,-86,-85,-86,-86,-85,-86,-86,-86,-86,-86,-85,-90,-90,-90,-90,-90,-90,-90,-90,-90,-90,-90,-90,-90,-84,-84,-84,-84,-84,-83,-83,-84,-84,-84,-84,-84,-25,-25,-25,-25,-24,-25,-25,-24,-25,-25,-25,-25,-25,-25,-25,-87,-90,-87,-90,-87,-90,-87,-90,-87,-89,-89,-89,-89,-89,-89,-89,-89,-89,-83,-85,-84,-83,-83,-83,-83,-85,-83,-84,-85,-83,-84,-84,-84,-91,-90,-91,-91,-91,-91,-91,-91,-91,-91,-91,-90,-91,-42,-43,-43,-43,-42,-43,-42,-42,-43,-43,-42,-43,-43,-43,-42,-45,-46,-46,-45,-45,-46,-45,-46,-45,-45,-45,-45,-45,-45,-46,-75,-77,-77,-77,-77,-76,-78,-77,-75,-77,-77,-75,-75,-77,-75,-75,-77,-76,-75,-77,-77,-77,-77,-77,-77,-77,-75,-76,-77,-75,-77,-77,-75,-75,-77,-75,-75,-77,-76,-79,-77,-75,-77,-77,-75,-77,-75,-76,-77,-77,-75,-77,-76,-75,-77,-75,-77,-77,-76,-78];
rssi7 = [-69,-71,-70,-70,-71,-71,-72,-69,-72,-71,-69,-71,-72,-71,-71,-56,-56,-56,-54,-56,-56,-56,-57,-56,-56,-56,-56,-56,-56,-56,-90,-90,-89,-90,-43,-43,-44,-44,-44,-44,-44,-44,-44,-44,-43,-43,-44,-44,-42,-63,-63,-62,-62,-63,-62,-62,-63,-63,-62,-62,-62,-63,-63,-63,-61,-60,-61,-60,-60,-60,-60,-60,-60,-59,-61,-60,-60,-63,-63,-36,-37,-37,-37,-37,-37,-37,-37,-37,-37,-37,-37,-36,-37,-37,-45,-45,-44,-44,-44,-45,-44,-45,-45,-44,-44,-44,-44,-44,-44,-80,-80,-80,-80,-80,-80,-80,-80,-89,-89,-90,-89,-91,-88,-88,-90,-90,-91,-90,-89,-89,-91];
