exp = "RSSI online TWIST small 04";
x = [2.02,5.16,3.51,2.17,16.12,9.81,26.68,22.08,26.53,23.9,30.28,20.71,20.54,17.56,14.48,17.59,11.57,11.57,5.39,8.48];
y = [10.98,10.94,9.02,4.98,9.02,9.02,9.03,9.02,5.39,1.67,1.67,1.65,10.94,5.06,10.95,10.95,5.06,1.89,5.06,1.93];
z = [70.64,70.01,70.82,71.45,70.77,68.39,72.62,66.63,72.08,71.54,72.7,71.31,64.19,73.02,71.03,65.69,74.84,71.57,72.85,71.02];
variance = [95,2,125,2,87,2,105,2,155,2,105,2,154,2,283,2,199,2,144,2,213,2,93,2,228,2,115,2,122,2,111,2,122,2,181,2,107,2,127,2];
rssi1 = [-73,-73,-74,-73,-73,-76,-74,-74,-76,-74,-74,-74,-74,-74,-74,-74,-73,-75,-74,-74,-74,-73,-76,-74,-74,-75,-74,-74,-74,-74,-74,-74,-74,-74,-75,-74,-74,-74,-73,-74,-74,-74,-74,-76,-74,-74,-76,-73,-75,-74,-74,-73,-74,-73,-74,-74,-73,-75,-75,-73,-71,-71,-71,-71,-71,-71,-71,-73,-71,-71,-73,-71,-71,-71,-71,-71,-86,-86,-86,-71,-73,-68,-71,-72,-73,-71,-72,-73,-71,-63,-71,-47,-71,-73,-69,-71,-72,-70,-68,-78,-73,-74,-74,-74,-76,-75,-74,-73,-74,-73,-75,-73,-74,-77,-76,-75,-78,-75,-76,-79,-75,-73,-75,-74,-73,-75,-74,-73,-76,-74,-73,-73,-73,-76,-74,-75,-76,-76,-79,-77,-74,-73,-76,-74,-76,-76,-74,-73,-74,-73,-75,-74,-73,-76,-76,-73,-76,-87,-87,-87,-87,-87,-87,-87,-87,-87,-87,-87,-87,-87,-87,-87,-87,-87,-87,-87,-79,-66,-78,-78,-73,-77,-79,-77,-76,-78,-79,-77,-78,-80,-76,-79,-78,-76,-70,-79,-56,-56,-56,-56,-56,-56,-56,-56,-56,-56,-56,-56,-56,-56,-56,-56,-56,-56,-56,-56,-56,-56,-60,-57,-56,-56,-56,-56,-56,-56,-57,-56,-56,-57,-56,-56,-52,-56,-57,-60,-60,-57,-56,-56,-56,-56,-56,-56,-57,-56,-56,-57,-57,-57,-53,-56,-56,-60,-56,-56,-76,-76,-76,-76,-76,-75,-75,-75,-75,-76,-72,-76,-76,-77,-76,-75,-77,-76,-76,-76,-59,-49,-60,-60,-59,-60,-59,-59,-58,-60,-60,-53,-60,-59,-58,-56,-59,-56,-60,-58,-78,-76,-78,-78,-77,-73,-75,-78,-74,-75,-75,-74,-76,-77,-74,-76,-77,-77,-64,-77,-60,-62,-62,-62,-60,-61,-62,-63,-62,-61,-63,-61,-62,-64,-61,-62,-62,-61,-62,-62,-55,-61,-56,-55,-61,-55,-62,-54,-61,-64,-56,-60,-55,-59,-58,-62,-56,-60,-62,-56,-75,-75,-74,-75,-74,-75,-74,-74,-75,-75,-74,-73,-75,-73,-73,-75,-75,-72,-75,-73,-72,-74,-75,-74,-74,-73,-74,-73,-73,-74,-74,-73,-75,-74,-73,-75,-74,-73,-73,-75,-73,-74,-74,-75,-74,-74,-75,-73,-74,-75,-74,-73,-75,-74,-73,-75,-74,-81,-81,-80,-81,-82,-80,-80,-82,-80,-80,-82,-80,-80,-82,-80,-80,-82,-80,-80,-81,-80,-80,-80,-82,-80,-80,-81,-80,-80,-81,-80,-80,-81,-80,-80,-81,-80,-80,-81,-81,-81,-80,-81,-81,-81,-81,-81,-81,-81,-81,-81,-81,-81,-81,-82,-46,-48,-48,-48,-45,-47,-48,-45,-47,-48,-47,-69,-48,-48,-42,-48,-48,-46,-76,-48,-77,-77,-74,-76,-76,-74,-77,-76,-74,-70,-82,-79,-70,-79,-76,-76,-78,-76,-78,-74];
rssi2 = [-80,-80,-80,-80,-80,-80,-80,-80,-80,-80,-80,-80,-80,-80,-80,-80,-80,-77,-77,-77,-77,-77,-71,-72,-72,-73,-73,-72,-73,-72,-72,-73,-72,-72,-72,-73,-72,-73,-73,-72,-72,-73,-72,-72,-72,-72,-73,-74,-73,-72,-74,-73,-73,-72,-72,-73,-72,-72,-73,-71,-72,-72,-72,-72,-74,-73,-72,-74,-73,-73,-72,-73,-72,-72,-72,-72,-72,-72,-72,-72,-72,-73,-64,-64,-64,-64,-64,-64,-64,-64,-64,-64,-64,-64,-64,-64,-64,-64,-64,-64,-64,-64,-85,-85,-85,-85,-59,-70,-90,-70,-70,-90,-70,-70,-87,-70,-70,-87,-90,-70,-87,-90,-70,-87,-90,-70,-77,-77,-77,-77,-77,-70,-71,-69,-71,-70,-71,-72,-70,-71,-72,-66,-71,-71,-70,-70,-71,-70,-71,-71,-70,-72,-72,-64,-69,-72,-73,-69,-72,-68,-69,-68,-66,-73,-73,-73,-72,-68,-76,-73,-72,-73,-78,-78,-72,-78,-69,-78,-73,-78,-73,-73,-73,-68,-68,-73,-72,-73,-73,-63,-69,-72,-73,-68,-72,-68,-68,-69,-67,-73,-72,-89,-89,-89,-89,-89,-89,-89,-89,-89,-89,-89,-89,-79,-79,-79,-79,-79,-80,-79,-79,-79,-80,-79,-79,-78,-79,-79,-80,-79,-80,-79,-79,-66,-66,-66,-66,-65,-75,-65,-65,-65,-65,-66,-65,-65,-66,-66,-65,-65,-66,-65,-65,-66,-66,-66,-66,-65,-66,-66,-66,-66,-66,-65,-65,-62,-65,-66,-66,-66,-66,-66,-67,-77,-77,-77,-77,-77,-66,-66,-66,-65,-65,-66,-66,-65,-66,-66,-65,-67,-66,-63,-66,-66,-66,-66,-65,-66,-69,-71,-71,-70,-71,-71,-71,-71,-71,-72,-70,-71,-71,-71,-71,-71,-71,-71,-71,-71,-48,-48,-49,-48,-48,-48,-47,-49,-49,-48,-48,-48,-48,-49,-46,-48,-48,-49,-48,-48,-63,-63,-64,-63,-63,-64,-63,-63,-64,-63,-63,-63,-63,-64,-70,-63,-62,-63,-63,-64,-76,-76,-75,-76,-76,-77,-76,-76,-77,-76,-76,-77,-76,-76,-76,-75,-76,-76,-75,-57,-59,-59,-59,-59,-59,-59,-58,-59,-58,-59,-63,-58,-59,-59,-59,-58,-58,-59,-58,-51,-51,-51,-51,-51,-51,-51,-51,-51,-51,-51,-51,-51,-51,-51,-51,-50,-51,-51,-51,-77,-77,-77,-76,-76,-77,-77,-77,-77,-77,-76,-76,-77,-76,-76,-77,-77,-77,-77,-77,-77,-76,-78,-76,-77,-76,-76,-76,-76,-76,-76,-77,-76,-77,-77,-77,-75,-76,-77,-75,-38,-38,-41,-64,-38,-38,-38,-38,-38,-39,-38,-38,-38,-38,-38,-38,-37,-43,-38,-38,-80,-80,-80,-80,-80,-79,-81,-80,-81,-81,-79,-79,-80,-80,-80,-81,-80,-80,-81,-81,-78,-78,-78,-78,-78,-77,-77,-77,-77,-77,-89,-87,-87,-89,-88,-87,-88,-87,-89,-87,-87,-89,-87,-87,-89,-87,-87,-89,-87,-87,-72,-72,-72,-72,-72];
rssi3 = [-66,-68,-68,-67,-66,-68,-67,-69,-66,-66,-69,-66,-66,-68,-68,-67,-68,-68,-68,-67,-68,-66,-68,-65,-68,-66,-65,-68,-66,-65,-68,-68,-67,-68,-68,-67,-68,-66,-67,-68,-66,-66,-68,-66,-66,-68,-68,-65,-68,-68,-67,-68,-66,-67,-68,-66,-67,-68,-66,-68,-71,-71,-68,-68,-68,-71,-68,-68,-71,-68,-71,-71,-68,-71,-71,-68,-67,-71,-68,-68,-68,-71,-67,-68,-72,-68,-67,-72,-71,-68,-71,-71,-68,-71,-67,-71,-68,-68,-71,-68,-78,-78,-78,-78,-76,-76,-76,-76,-76,-76,-76,-76,-76,-76,-76,-76,-76,-76,-76,-76,-77,-76,-77,-77,-76,-77,-77,-77,-77,-77,-77,-77,-77,-77,-77,-77,-77,-77,-88,-88,-88,-88,-88,-88,-88,-88,-88,-88,-88,-88,-88,-88,-88,-88,-88,-88,-88,-88,-63,-76,-75,-76,-76,-75,-76,-76,-75,-76,-76,-76,-77,-76,-76,-76,-76,-63,-76,-76,-55,-55,-57,-56,-55,-55,-55,-55,-56,-55,-55,-56,-55,-54,-56,-55,-56,-56,-55,-56,-73,-71,-72,-72,-71,-73,-72,-72,-72,-72,-72,-73,-72,-73,-73,-72,-72,-72,-72,-72,-72,-72,-72,-72,-72,-72,-72,-73,-72,-73,-72,-73,-72,-72,-71,-72,-72,-71,-72,-72,-71,-72,-72,-71,-72,-72,-73,-71,-72,-72,-71,-71,-72,-71,-71,-71,-72,-72,-68,-67,-70,-71,-69,-70,-71,-69,-70,-68,-71,-69,-67,-71,-69,-67,-71,-68,-67,-70,-71,-71,-71,-71,-70,-71,-71,-71,-71,-71,-71,-71,-71,-71,-71,-71,-71,-71,-71,-71,-63,-64,-62,-62,-63,-64,-62,-62,-64,-62,-62,-64,-62,-62,-64,-64,-62,-64,-64,-62,-64,-63,-62,-63,-63,-62,-62,-63,-62,-62,-63,-62,-63,-61,-63,-63,-61,-64,-64,-61,-63,-63,-61,-62,-63,-62,-62,-63,-62,-63,-62,-60,-63,-62,-63,-62,-61,-63,-63,-62,-79,-79,-79,-78,-78,-79,-77,-78,-79,-78,-77,-78,-78,-78,-78,-77,-78,-79,-79,-78,-50,-54,-51,-52,-45,-52,-52,-51,-52,-53,-52,-51,-52,-49,-52,-52,-52,-52,-50,-52,-76,-76,-77,-76,-78,-77,-77,-49,-77,-76,-76,-74,-77,-76,-74,-77,-76,-76,-74,-77,-69,-71,-71,-71,-70,-71,-70,-71,-71,-69,-70,-70,-79,-71,-68,-71,-71,-68,-71,-71,-81,-81,-81,-81,-81,-81,-81,-81,-81,-81,-81,-81,-81,-81,-81,-81,-81,-81,-55,-56,-52,-57,-56,-56,-57,-56,-55,-57,-56,-56,-57,-56,-56,-57,-57,-56,-56,-55,-79,-79,-79,-80,-79,-80,-80,-79,-80,-80,-80,-80,-80,-80,-79,-80,-80,-80,-80,-80,-80,-80,-80,-80,-80,-80,-80,-80,-80,-80,-80,-80,-80,-80,-80,-80,-80,-81,-80,-80,-81,-80,-81,-80,-80,-81,-82,-82,-83,-82,-83,-83,-82,-82,-83,-82,-82,-83,-82,-82,-83,-82,-82,-83,-82,-82,-82,-82,-82,-82,-82,-82,-82,-82,-82,-82,-82,-82,-82,-82,-82,-82,-82,-51,-51,-75,-76,-50,-48,-47,-48,-51,-51,-50,-50,-51,-51,-49,-47,-51,-49,-53,-37,-72,-72,-71,-72,-71,-79,-71,-71,-72,-81,-72,-72,-81,-72,-81,-80,-72,-80,-72,-72,-79,-78,-79,-79,-78,-79,-80,-78,-80,-79,-79,-79,-79,-79,-79,-79,-79,-79,-78,-79];
