exp = "RSSI online TWIST small 02 WiFi traffic";
x = [17.56,3.51,2.17,2.02,17.59,20.54,22.08,16.12,23.9,26.68,30.28,26.53,11.57,14.48,5.39,9.81,11.57,8.48,20.71,5.16];
y = [5.06,9.02,4.98,10.98,10.95,10.94,9.02,9.02,1.67,9.03,1.67,5.39,5.06,10.95,5.06,9.02,1.89,1.93,1.65,10.94];
z = [70.87,70.16,71.37,72.21,70.72,68.08,68.22,70.25,73.57,74.41,68.07,69.93,70.72,70.75,71.39,70.55,71.11,71.46,70.33,71.2];
variance = [146,2,84,2,140,2,116,2,94,2,199,2,285,2,149,2,108,2,109,2,193,2,129,2,224,2,134,2,115,2,108,2,217,2,107,2,84,2,139,2];
rssi1 = [-85,-85,-85,-85,-86,-85,-85,-85,-85,-85,-86,-85,-85,-85,-87,-85,-85,-86,-85,-86,-78,-78,-79,-78,-78,-79,-79,-79,-75,-76,-78,-76,-78,-77,-78,-80,-78,-78,-78,-78,-73,-71,-71,-72,-72,-71,-72,-70,-71,-72,-72,-70,-71,-72,-71,-70,-71,-71,-70,-72,-71,-72,-70,-70,-71,-70,-70,-71,-72,-71,-71,-72,-71,-71,-69,-72,-71,-70,-72,-70,-70,-71,-72,-70,-71,-71,-72,-70,-71,-72,-70,-71,-71,-73,-70,-71,-72,-72,-71,-72,-70,-70,-70,-70,-69,-71,-69,-69,-70,-71,-69,-70,-70,-70,-70,-70,-70,-70,-70,-71,-52,-53,-52,-53,-36,-52,-52,-53,-51,-49,-51,-52,-36,-51,-50,-52,-52,-71,-52,-53,-83,-83,-83,-83,-83,-83,-83,-45,-44,-71,-45,-43,-45,-43,-45,-45,-44,-44,-44,-44,-44,-45,-45,-44,-44,-42,-44,-80,-80,-80,-80,-80,-80,-80,-80,-89,-78,-79,-78,-78,-79,-79,-78,-79,-78,-78,-78,-78,-78,-78,-78,-79,-78,-79,-78,-79,-80,-80,-80,-80,-80,-80,-80,-80,-79,-79,-79,-79,-79,-79,-79,-79,-82,-82,-82,-82,-82,-82,-82,-79,-79,-79,-79,-79,-79,-79,-79,-78,-78,-79,-78,-79,-79,-78,-79,-75,-78,-79,-75,-76,-79,-76,-78,-76,-79,-78,-78,-69,-69,-69,-69,-69,-69,-70,-69,-69,-69,-69,-68,-69,-68,-47,-69,-69,-69,-69,-49,-80,-80,-80,-80,-81,-80,-81,-80,-80,-80,-80,-81,-80,-80,-80,-81,-80,-79,-81,-80,-59,-58,-59,-49,-58,-59,-59,-59,-58,-51,-59,-59,-59,-50,-58,-59,-59,-58,-59,-57,-69,-49,-69,-69,-69,-64,-69,-70,-69,-69,-69,-70,-69,-70,-69,-69,-69,-69,-69,-68,-79,-76,-76,-79,-76,-79,-76,-79,-79,-79,-79,-78,-79,-79,-78,-78,-79,-80,-79,-79,-74,-74,-74,-74,-74,-74,-74,-74,-84,-82,-82,-81,-80,-86,-78,-81,-86,-82,-81,-81,-73,-79,-83,-84,-80,-84,-84,-82,-48,-48,-49,-49,-49,-48,-48,-49,-49,-49,-49,-49,-48,-48,-48,-48,-49,-48,-48,-49,-74,-73,-73,-73,-73,-73,-73,-73,-73,-72,-73,-73,-73,-73,-73,-73,-73,-73,-73,-73,-73,-73,-74,-73,-73,-74,-72,-73,-73,-74,-74,-73,-73,-74,-73,-73,-74,-74,-73,-72,-50,-48,-48,-48,-49,-48,-48,-48,-49,-49,-48,-48,-49,-48,-48,-49,-49,-48,-48,-50,-48,-48,-49,-48,-48,-48,-48,-50,-48,-48,-49,-48,-48,-49,-48,-49,-48,-48,-49,-49,-74,-73,-73,-74,-74,-74,-73,-73,-74,-73,-73,-74,-73,-73,-74,-73,-73,-74,-73,-73,-81,-81,-81,-81,-81,-81,-81,-81,-61,-60,-61,-61,-61,-61,-61,-60,-61,-63,-60,-61,-60,-61,-61,-60,-61,-61,-48,-64,-81,-83,-83,-82,-82,-83,-69,-83,-82,-83,-83,-82,-83,-82,-82,-83,-84,-83,-82,-81,-81,-82,-81,-82,-82,-82,-82,-83,-82,-82,-81,-82,-81,-81,-82,-81,-81,-81,-82,-87,-87,-84,-86,-87,-87,-84,-87,-86,-88,-87,-87,-85,-84,-85,-85,-86,-87,-84,-86,-80,-80,-80,-80,-80,-80,-80,-80,-80,-80,-80,-80,-80,-80,-80,-80,-79,-79,-79,-79,-79,-79,-79,-79,-70,-48,-71,-70,-70,-71,-71,-72,-70,-71,-70,-70,-70,-70,-51,-70,-70,-51,-48,-71,-84,-84,-84,-84,-84,-84,-60,-59,-59,-59,-60,-60,-59,-59,-60,-60,-59,-60,-59,-59,-59,-59,-59,-60,-60,-58,-83,-81,-81,-81,-83,-81,-81,-83,-81,-81,-81,-81,-81,-81,-82,-82,-82,-83,-82,-80];
rssi2 = [-78,-78,-78,-78,-78,-78,-78,-78,-78,-78,-79,-78,-69,-69,-68,-69,-69,-60,-69,-69,-60,-69,-68,-66,-68,-69,-62,-67,-69,-61,-68,-67,-67,-69,-69,-60,-69,-69,-59,-69,-69,-67,-68,-69,-63,-67,-69,-61,-68,-67,-69,-68,-68,-61,-69,-68,-59,-69,-68,-66,-68,-69,-62,-67,-69,-61,-68,-67,-69,-69,-68,-69,-69,-67,-63,-67,-67,-63,-67,-67,-63,-67,-67,-64,-67,-64,-67,-67,-64,-67,-67,-67,-63,-63,-63,-63,-63,-63,-63,-63,-63,-63,-63,-63,-63,-63,-63,-63,-63,-63,-63,-63,-81,-81,-81,-81,-81,-81,-81,-81,-81,-81,-81,-81,-81,-86,-86,-85,-86,-86,-85,-85,-86,-86,-86,-86,-86,-85,-86,-85,-85,-86,-85,-79,-78,-78,-79,-78,-78,-75,-78,-79,-75,-78,-79,-75,-78,-79,-75,-78,-79,-75,-78,-61,-62,-68,-68,-62,-68,-68,-65,-68,-68,-65,-61,-68,-68,-61,-62,-68,-61,-62,-68,-63,-61,-63,-61,-62,-64,-62,-63,-63,-63,-62,-63,-61,-82,-82,-82,-82,-82,-82,-82,-82,-82,-82,-82,-82,-82,-82,-82,-82,-82,-82,-82,-82,-57,-58,-63,-57,-57,-60,-56,-57,-57,-62,-57,-57,-53,-57,-58,-53,-57,-57,-53,-76,-73,-74,-76,-73,-73,-73,-76,-72,-73,-76,-72,-73,-76,-72,-73,-75,-73,-74,-75,-74,-75,-73,-75,-74,-73,-75,-73,-75,-73,-73,-75,-73,-73,-74,-73,-73,-74,-75,-73,-79,-72,-73,-74,-79,-71,-74,-75,-71,-74,-75,-71,-74,-76,-73,-74,-75,-73,-72,-74,-63,-63,-63,-63,-63,-63,-63,-63,-63,-63,-63,-63,-63,-63,-63,-63,-63,-63,-63,-63,-74,-71,-74,-74,-74,-74,-74,-73,-74,-74,-71,-74,-74,-71,-74,-74,-71,-75,-72,-74,-71,-65,-67,-71,-65,-67,-71,-71,-66,-71,-71,-66,-71,-71,-66,-71,-71,-71,-65,-65,-61,-64,-66,-61,-62,-65,-66,-73,-63,-66,-70,-63,-62,-70,-63,-62,-65,-64,-67,-63,-64,-65,-61,-64,-66,-66,-63,-66,-66,-64,-64,-62,-70,-65,-62,-67,-65,-65,-75,-77,-75,-77,-77,-69,-76,-76,-73,-76,-75,-76,-75,-77,-76,-77,-72,-75,-77,-74,-56,-64,-64,-55,-63,-64,-56,-63,-63,-57,-55,-63,-56,-64,-60,-63,-64,-58,-63,-63,-87,-86,-87,-87,-86,-87,-87,-86,-87,-87,-88,-87,-87,-87,-87,-87,-87,-87,-87,-87,-73,-70,-70,-73,-68,-68,-73,-68,-72,-68,-73,-73,-67,-73,-69,-73,-71,-74,-73,-71,-61,-63,-63,-56,-54,-67,-56,-60,-63,-63,-64,-63,-64,-54,-63,-63,-55,-63,-63,-56,-61,-63,-63,-59,-61,-63,-65,-61,-63,-65,-64,-63,-65,-59,-62,-63,-59,-63,-63,-59,-68,-68,-68,-70,-68,-68,-68,-68,-68,-68,-68,-68,-68,-68,-68,-68,-68,-68,-68,-68,-68,-68,-68,-68,-68,-68,-68,-68,-68,-68,-68,-68,-68,-68,-68,-68,-68,-68,-68,-68,-68,-68,-68,-68,-68,-68,-68,-68,-67,-68,-68,-67,-68,-68,-67,-68,-68,-68,-68,-68,-79,-78,-78,-82,-78,-78,-82,-77,-78,-83,-77,-78,-79,-81,-79,-79,-78,-79,-79,-78,-49,-53,-49,-70,-49,-49,-49,-52,-49,-43,-44,-60,-49,-44,-49,-53,-48,-49,-51,-49,-63,-66,-66,-66,-64,-67,-66,-66,-68,-70,-66,-67,-66,-68,-66,-66,-67,-65,-66,-67,-79,-79,-79,-79,-79,-79,-79,-79,-79,-79,-79,-79,-79,-79,-79,-79,-79,-79,-79,-79,-80,-81,-81,-80,-81,-81,-80,-81,-81,-81,-81,-81,-81,-81,-81,-81,-80,-81,-81,-83,-80,-83,-80,-80,-82,-84,-80,-80,-80,-80,-80,-80,-81,-80,-80,-83,-80,-80,-83,-80,-79,-79,-79,-79,-79,-79,-79,-79,-79,-79,-79,-79,-79,-79,-79,-79,-79,-46,-50,-47,-49,-54,-48,-51,-49,-48,-48,-49,-48,-54,-46,-79,-48,-46,-47,-50,-48,-82,-78,-82,-82,-81,-78,-82,-81,-82,-76,-81,-83,-74,-82,-82,-79,-82,-82,-81,-83,-79,-79];
rssi3 = [-84,-83,-84,-84,-83,-84,-84,-84,-84,-84,-84,-83,-84,-83,-84,-83,-83,-83,-83,-83,-83,-83,-83,-83,-83,-83,-83,-83,-83,-83,-82,-82,-82,-82,-82,-82,-82,-82,-82,-82,-82,-83,-82,-82,-82,-82,-82,-82,-82,-82,-80,-76,-80,-80,-76,-78,-80,-76,-78,-80,-76,-78,-80,-78,-80,-78,-80,-51,-54,-53,-51,-53,-53,-53,-53,-53,-53,-54,-53,-52,-53,-54,-53,-53,-54,-55,-53,-58,-61,-61,-58,-61,-59,-59,-59,-59,-59,-59,-59,-59,-58,-59,-59,-58,-58,-59,-58,-59,-59,-59,-59,-59,-59,-59,-59,-59,-59,-59,-59,-59,-59,-59,-59,-59,-60,-59,-59,-68,-79,-79,-79,-79,-79,-79,-78,-79,-80,-79,-79,-80,-80,-79,-79,-80,-80,-79,-78,-79,-79,-79,-79,-78,-79,-80,-78,-79,-80,-78,-80,-79,-79,-79,-80,-80,-79,-80,-80,-87,-87,-87,-87,-88,-88,-87,-87,-88,-87,-86,-86,-86,-87,-86,-87,-86,-88,-87,-86,-72,-67,-68,-72,-67,-68,-68,-68,-67,-68,-68,-68,-68,-68,-69,-67,-68,-68,-67,-68,-78,-80,-79,-81,-80,-79,-80,-80,-79,-80,-80,-81,-81,-79,-78,-80,-79,-78,-80,-79,-68,-67,-62,-69,-67,-67,-68,-61,-68,-68,-68,-68,-68,-68,-68,-46,-68,-68,-46,-46,-68,-66,-68,-68,-66,-68,-67,-68,-67,-66,-68,-66,-66,-68,-66,-67,-69,-66,-65,-68,-69,-69,-66,-69,-67,-67,-69,-67,-66,-68,-66,-67,-68,-69,-67,-69,-66,-68,-74,-67,-66,-68,-67,-66,-68,-67,-67,-69,-67,-67,-69,-69,-66,-69,-67,-69,-68,-66,-68,-69,-84,-86,-85,-84,-86,-85,-84,-86,-85,-84,-86,-86,-83,-86,-85,-85,-84,-85,-86,-85,-39,-40,-39,-40,-40,-39,-39,-39,-38,-39,-39,-38,-39,-39,-39,-39,-39,-39,-40,-39,-78,-77,-78,-77,-78,-77,-77,-78,-77,-77,-77,-78,-77,-77,-77,-77,-77,-78,-77,-78,-68,-68,-68,-68,-68,-67,-68,-67,-68,-68,-68,-69,-68,-68,-68,-69,-67,-68,-68,-69,-84,-84,-84,-84,-79,-80,-80,-80,-78,-79,-81,-80,-80,-80,-79,-80,-80,-80,-80,-80,-80,-79,-80,-80,-69,-68,-68,-69,-68,-68,-69,-67,-68,-68,-69,-68,-68,-69,-69,-68,-66,-69,-68,-68];
