exp = "RSSI online TWIST small 02";
x = [17.59,16.12,17.56,14.48,11.57,20.71,9.81,11.57,5.16,3.51,8.48,5.39,2.02,30.28,23.9,26.53,22.08,26.68,2.17];
y = [10.95,9.02,5.06,10.95,5.06,1.65,9.02,1.89,10.94,9.02,1.93,5.06,10.98,1.67,1.67,5.39,9.02,9.03,4.98];
z = [70.76,70.42,72.22,73.29,72.03,71.85,68.77,73.73,70.74,65.88,72.16,71.37,69.46,69.42,70.93,68.6,73.08,75.09,70.66];
variance = [97,2,124,2,133,2,112,2,202,2,95,2,105,2,190,2,149,2,131,2,124,2,126,2,146,2,185,2,131,2,163,2,184,2,136,2,141,2];
rssi1 = [-60,-56,-65,-61,-61,-61,-62,-62,-62,-62,-65,-65,-60,-60,-64,-61,-62,-63,-63,-63,-62,-63,-65,-65,-61,-57,-64,-61,-62,-63,-63,-63,-63,-63,-64,-65,-74,-74,-74,-89,-87,-89,-89,-89,-89,-89,-89,-88,-71,-74,-69,-72,-71,-70,-72,-70,-70,-70,-71,-70,-63,-63,-66,-61,-55,-60,-56,-56,-60,-56,-56,-56,-80,-80,-80,-80,-80,-80,-80,-80,-80,-80,-80,-80,-80,-80,-80,-80,-80,-80,-80,-80,-80,-80,-73,-71,-75,-69,-71,-72,-72,-71,-72,-70,-72,-72,-54,-48,-59,-55,-54,-51,-55,-54,-54,-54,-54,-54,-62,-63,-64,-68,-62,-63,-63,-63,-63,-63,-62,-63,-44,-40,-52,-44,-44,-43,-44,-44,-43,-43,-44,-44,-81,-76,-74,-71,-72,-72,-72,-72,-71,-72,-72,-72,-82,-76,-76,-72,-72,-72,-72,-72,-72,-72,-72,-72,-82,-76,-74,-72,-72,-72,-72,-72,-71,-72,-72,-72,-88,-88,-88,-88,-88,-88,-88,-88,-88,-88,-79,-77,-77,-75,-75,-78,-79,-78,-81,-78,-78,-78,-77,-73,-74,-75,-75,-76,-75,-76,-75,-76,-75,-76,-72,-70,-77,-64,-71,-71,-71,-71,-71,-70,-71,-71,-70,-66,-66,-66,-73,-70,-70,-70,-70,-70,-73,-73,-70,-65,-66,-65,-73,-70,-70,-71,-71,-70,-74,-74,-70,-66,-66,-66,-74,-70,-70,-71,-70,-70,-74,-73,-62,-60,-58,-57,-65,-66,-63,-65,-66,-65,-65,-65,-78,-83,-81,-79,-79,-79,-79,-79,-79,-80,-79,-79,-76,-77,-77,-78,-78,-80,-80,-80,-81,-79,-80,-80,-76,-77,-77,-78,-78,-81,-80,-80,-81,-79,-79,-79,-77,-77,-78,-78,-78,-80,-80,-80,-81,-79,-80,-79];
rssi2 = [-80,-80,-80,-80,-80,-80,-80,-80,-80,-80,-75,-77,-77,-76,-77,-77,-77,-75,-78,-77,-75,-75,-75,-76,-77,-77,-77,-77,-77,-76,-77,-77,-77,-77,-75,-77,-77,-77,-78,-78,-78,-76,-77,-77,-75,-75,-52,-52,-51,-51,-51,-51,-51,-52,-51,-51,-52,-51,-51,-52,-50,-51,-50,-49,-49,-52,-52,-52,-51,-51,-52,-52,-51,-51,-50,-51,-52,-51,-51,-51,-52,-51,-81,-82,-81,-81,-81,-81,-81,-81,-82,-82,-82,-82,-62,-61,-62,-62,-62,-62,-62,-62,-62,-62,-62,-82,-81,-81,-81,-80,-81,-81,-81,-82,-81,-81,-81,-80,-80,-80,-80,-80,-80,-81,-80,-80,-81,-81,-54,-54,-62,-48,-54,-53,-53,-48,-52,-53,-56,-66,-84,-85,-85,-84,-85,-86,-86,-85,-84,-85,-85,-84,-76,-77,-77,-76,-75,-75,-75,-75,-75,-75,-74,-74,-74,-74,-76,-76,-76,-75,-75,-75,-75,-76,-75,-75,-76,-76,-75,-75,-75,-74,-75,-75,-75,-75,-78,-80,-80,-81,-80,-81,-81,-81,-82,-81,-81,-81,-53,-55,-53,-51,-53,-53,-52,-54,-54,-54,-53,-49,-73,-73,-72,-73,-73,-73,-73,-73,-73,-73,-74,-74,-47,-62,-48,-50,-48,-47,-46,-48,-48,-48,-48,-47,-81,-81,-81,-81,-81,-81,-81,-81,-81,-81,-81,-87,-87,-87,-87,-87,-87,-87,-87,-87,-87,-60,-62,-61,-60,-60,-60,-60,-60,-61,-61,-61,-62,-60,-62,-61,-60,-60,-60,-60,-60,-62,-61,-61,-62,-60,-62,-61,-60,-60,-60,-60,-60,-61,-62,-61,-61,-69,-70,-69,-71,-69,-74,-70,-70,-67,-69,-69,-70,-83,-82,-83,-82,-83,-83,-82,-83,-83,-83,-83,-83,-81,-81,-81,-81,-81,-81,-81,-81,-81,-81,-80,-81,-81,-81,-81,-81,-81,-81,-81,-81,-81,-81,-81,-81,-80,-80,-81,-81,-80,-82,-80,-81,-76,-76,-76,-76,-76,-76,-76,-76,-76,-78,-77,-77,-76,-76,-77,-76,-76,-77,-76,-76,-77,-77,-77,-77,-76,-76,-76,-77,-76,-76,-76,-77,-76,-78,-77,-78,-62,-62,-62,-63,-62,-63,-61,-62,-62,-62,-62,-62,-72,-72,-70,-71,-70,-70,-69,-70,-73,-71,-71,-71,-66,-64,-63,-63,-63,-63,-63,-64,-68,-64,-64,-64,-61,-63,-64,-63,-63,-64,-64,-64,-63,-64,-61,-61,-61,-63,-63,-64,-63,-64,-64,-64,-64,-64,-61,-61];
rssi3 = [-83,-86,-86,-86,-87,-86,-86,-86,-86,-86,-86,-86,-76,-77,-77,-77,-77,-80,-78,-78,-78,-79,-68,-68,-68,-68,-69,-68,-67,-68,-68,-69,-70,-69,-68,-68,-68,-69,-69,-67,-67,-67,-67,-67,-67,-67,-68,-68,-68,-68,-68,-68,-69,-68,-69,-70,-69,-68,-69,-67,-68,-68,-69,-68,-68,-68,-69,-68,-71,-48,-48,-50,-49,-50,-50,-50,-49,-50,-49,-54,-54,-39,-37,-38,-39,-37,-39,-39,-39,-74,-39,-39,-41,-80,-81,-83,-82,-82,-82,-82,-82,-82,-81,-83,-78,-76,-76,-76,-76,-76,-76,-77,-76,-77,-77,-77,-79,-82,-82,-77,-77,-77,-77,-77,-74,-74,-74,-81,-82,-82,-77,-77,-76,-76,-77,-78,-75,-76,-77,-79,-80,-79,-79,-77,-82,-79,-78,-62,-60,-63,-61,-64,-63,-64,-63,-64,-62,-62,-64,-83,-83,-83,-82,-83,-83,-84,-83,-83,-83,-82,-81,-61,-60,-61,-61,-60,-60,-62,-61,-62,-60,-63,-64,-76,-76,-80,-80,-80,-79,-79,-79,-78,-79,-82,-81,-83,-83,-81,-81,-84,-84,-84,-81,-83,-83,-86,-86,-84,-84,-86,-86,-86,-82,-82,-82,-82,-53,-53,-53,-53,-52,-53,-52,-55,-54,-53,-50,-72,-72,-73,-70,-70,-70,-70,-71,-71,-69,-69,-72,-72,-52,-53,-56,-53,-52,-53,-52,-53,-53,-62,-50,-52,-53,-53,-53,-51,-53,-53,-56,-53,-53,-50,-73,-73,-70,-69,-70,-70,-70,-70,-69,-69,-72,-78,-63,-67,-66,-64,-64,-66,-65,-67,-65,-67,-67,-67,-81,-81,-81,-81,-81,-81,-81,-81,-88,-87,-84,-88,-88,-88,-88,-88,-87,-88,-88,-89,-87,-87,-87,-87,-87,-85,-85,-84,-78,-77,-77,-81,-80,-80,-80,-78,-78,-78,-79,-81,-78,-78,-78,-80,-80,-80,-81,-78,-78,-79,-79,-80,-77,-78,-78,-81,-81,-80,-80,-78,-78,-78,-79,-80,-75,-73,-76,-76,-74,-74,-74,-74,-74,-77,-77,-76,-62,-63,-62,-62,-62,-62,-63,-62,-63,-62,-63,-61,-80,-81,-81,-81,-79,-78,-79,-78,-80,-82,-80,-81,-82,-81,-82,-81,-78,-78,-79,-79,-83,-82,-79,-82,-81,-81,-82,-82,-79,-78,-78,-79,-82,-82,-78,-81];
rssi4 = [-82,-82,-82,-82,-82,-82,-82,-82,-82,-82,-82,-82,-82,-82,-82,-82,-82,-82,-82,-82,-82,-82,-82,-82,-83,-83,-83,-83,-83,-83,-83,-83,-83,-83,-83,-83,-67,-66,-67,-67,-67,-67,-67,-67,-67,-67,-70,-70,-67,-67,-67,-67,-67,-67,-67,-67,-67,-67,-67,-67,-67,-67,-82,-82,-82,-82,-82,-82,-82,-82,-82,-82,-82,-82,-78,-79,-77,-77,-78,-78,-77,-77,-77,-77,-81,-81,-46,-48,-48,-48,-47,-48,-48,-49,-45,-46,-49,-49,-80,-80,-80,-80,-80,-80,-80,-78,-78,-78,-78,-78,-78,-78,-78,-80,-80,-80,-80,-79,-79,-79,-79,-79,-79,-79,-79,-79,-79,-79,-79,-85,-85,-85,-85,-85,-85,-85,-85,-85,-85,-85,-85,-80,-80,-81,-81,-81,-81,-81,-80,-81,-80,-80,-80,-80,-81,-81,-81,-81,-81,-81,-81,-81,-81,-81,-81,-81,-81,-81,-80,-80,-81,-81,-66,-66,-66,-66,-66,-66,-66,-67,-66,-66,-66,-66,-46,-46,-44,-42,-46,-46,-45,-47,-46,-47,-46,-47,-69,-70,-70,-70,-71,-70,-70,-68,-71,-71,-71,-71,-49,-50,-49,-49,-50,-50,-50,-50,-50,-50,-50,-50,-91,-91,-91,-91,-91,-91,-91,-91,-91,-91,-91,-71,-71,-70,-71,-73,-72,-73,-72,-72,-72,-72,-73,-73,-73,-74,-74,-73,-74,-74,-73,-74,-74,-74,-73,-72,-73,-72,-73,-73,-73,-73,-73,-73,-73,-74,-73,-71,-73,-73,-72,-72,-72,-72,-72,-73,-72,-73,-72,-72,-72,-73,-72,-71,-72,-72,-72,-72,-72,-73,-73,-72,-72,-72,-72,-72,-72,-72,-72,-72,-72,-73,-73,-60,-60,-61,-61,-61,-61,-61,-61,-61,-60,-61,-60,-81,-80,-81,-80,-81,-81,-81,-81,-81,-81,-81,-82,-76,-76,-74,-75,-75,-76,-76,-78,-77,-76,-76,-76,-76,-76,-76,-75,-75,-75,-75,-78,-78,-75,-75,-75,-77,-77,-75,-75,-75,-75,-75,-77,-77,-75,-75,-77];
